-0.5846
-0.5846
-0.5832
-0.5841
-0.5827
-0.5844
-0.5857
-0.5815
-0.5824
-0.5837
-0.5815
-0.5849
-0.583
-0.5833
-0.582
-0.5863
-0.5831
-0.5815
-0.5845
-0.5858
-0.5842
-0.5857
-0.5866
-0.5845
-0.5839
-0.5823
-0.5869
-0.5842
-0.5863
-0.5845
-0.5863
-0.5863
-0.5854
-0.5846
-0.5855
-0.581
-0.5891
-0.5844
-0.5869
-0.5836
-0.5862
-0.5848
-0.584
-0.5835
-0.5803
-0.5847
-0.5837
-0.5859
-0.5842
-0.5861
-0.5816
-0.588
-0.5881
-0.5838
-0.5831
-0.586
-0.5863
-0.5859
-0.5839
-0.5801
-0.5829
-0.5855
-0.5883
-0.5837
-0.5849
-0.5868
-0.5837
-0.5853
-0.5853
-0.5851
-0.5832
-0.5873
-0.5857
-0.5892
-0.5865
-0.5849
-0.5851
-0.5852
-0.5876
-0.5867
-0.5854
-0.5855
-0.5824
-0.5851
-0.5839
-0.5873
-0.5875
-0.5834
-0.5859
-0.5845
-0.5871
-0.5859
-0.5826
-0.584
-0.5895
-0.5846
-0.5829
-0.5868
-0.584
-0.5829
-0.584
-0.5832
-0.5857
-0.5847
-0.5802
-0.5849
-0.5855
-0.5852
-0.5863
-0.5833
-0.5851
-0.5844
-0.584
-0.5869
-0.5841
-0.5835
-0.5837
-0.5832
-0.5844
-0.5868
-0.589
-0.5835
-0.5865
-0.5871
-0.5865
-0.5849
-0.5841
-0.5837
-0.5849
-0.5841
-0.5824
-0.5858
-0.5865
-0.5844
-0.5854
-0.5823
-0.5849
-0.5836
-0.585
-0.5866
-0.5869
-0.5832
-0.5846
-0.5875
-0.5858
-0.5857
-0.5811
-0.5833
-0.5849
-0.5869
-0.5822
-0.5846
-0.5852
-0.585
-0.5863
-0.5818
-0.5897
-0.5836
-0.5863
-0.5852
-0.5846
-0.5852
-0.5844
-0.5855
-0.5854
-0.5844
-0.584
-0.5852
-0.5829
-0.5808
-0.5877
-0.5866
-0.5851
-0.5858
-0.5845
-0.5837
-0.584
-0.5819
-0.5851
-0.5811
-0.5865
-0.5848
-0.5875
-0.583
-0.5863
-0.5837
-0.5876
-0.5856
-0.585
-0.5865
-0.5851
-0.5848
-0.5863
-0.5844
-0.5879
-0.5861
-0.5837
-0.5851
-0.5866
-0.586
-0.5867
-0.5854
-0.5846
-0.5883
-0.5813
-0.5867
-0.5863
-0.5847
-0.5841
-0.5852
-0.5824
-0.584
-0.5866
-0.586
-0.5837
-0.5877
-0.584
-0.5835
-0.5851
-0.5875
-0.581
-0.5875
-0.5829
-0.5871
-0.5851
-0.5866
-0.5855
-0.5868
-0.5868
-0.5857
-0.5862
-0.5876
-0.5871
-0.5858
-0.5854
-0.5858
-0.5807
-0.5862
-0.5848
-0.5857
-0.5869
-0.5871
-0.5855
-0.5855
-0.5886
-0.5848
-0.5885
-0.5819
-0.5809
-0.5849
-0.5865
-0.5841
-0.5835
-0.5879
-0.5854
-0.5883
-0.5851
-0.5832
-0.5858
-0.5855
-0.5872
-0.5856
-0.5839
-0.5821
-0.5819
-0.5859
-0.5853
-0.5858
-0.5879
-0.5868
-0.5852
-0.5831
-0.5858
-0.583
-0.5857
-0.587
-0.5899
-0.5847
-0.5849
-0.5855
-0.5835
-0.5864
-0.585
-0.5848
-0.5869
-0.5883
-0.5861
-0.5849
-0.5846
-0.5837
-0.585
-0.5849
-0.5861
-0.586
-0.5866
-0.5898
-0.5848
-0.5869
-0.5863
-0.586
-0.5844
-0.5872
-0.5879
-0.5876
-0.584
-0.585
-0.588
-0.5889
-0.5835
-0.5833
-0.5835
-0.5832
-0.5841
-0.5895
-0.587
-0.5864
-0.5844
-0.5847
-0.5872
-0.5863
-0.5861
-0.5854
-0.5848
-0.5854
-0.5871
-0.5877
-0.586
-0.5857
-0.5838
-0.5868
-0.5879
-0.5878
-0.5885
-0.5854
-0.5851
-0.5855
-0.5814
-0.5859
-0.5844
-0.5838
-0.5859
-0.5872
-0.5884
-0.5876
-0.5871
-0.5873
-0.5873
-0.5863
-0.5872
-0.5858
-0.5834
-0.5888
-0.584
-0.5836
-0.5897
-0.5908
-0.5863
-0.5844
-0.5867
-0.5839
-0.5844
-0.5876
-0.5868
-0.5839
-0.5843
-0.5882
-0.5848
-0.5827
-0.5857
-0.5842
-0.5833
-0.5836
-0.5894
-0.5859
-0.5837
-0.5866
-0.5858
-0.5871
-0.5892
-0.5866
-0.5846
-0.5881
-0.5842
-0.5876
-0.5852
-0.5895
-0.589
-0.5848
-0.5865
-0.5835
-0.5851
-0.5855
-0.586
-0.5853
-0.5845
-0.5845
-0.587
-0.5832
-0.5847
-0.5873
-0.5854
-0.5865
-0.5869
-0.5853
-0.5818
-0.5838
-0.5835
-0.5904
-0.5851
-0.5857
-0.5855
-0.584
-0.5885
-0.5855
-0.5846
-0.5879
-0.5871
-0.5873
-0.5849
-0.5848
-0.5832
-0.5831
-0.5804
-0.5867
-0.5898
-0.5838
-0.5848
-0.5843
-0.5861
-0.5863
-0.5846
-0.5872
-0.585
-0.583
-0.5854
-0.5865
-0.5869
-0.5828
-0.5866
-0.5862
-0.5891
-0.5841
-0.5852
-0.5835
-0.586
-0.5861
-0.5849
-0.5827
-0.5848
-0.5837
-0.5837
-0.5864
-0.5821
-0.5832
-0.584
-0.5808
-0.5844
-0.5816
-0.5867
-0.587
-0.5839
-0.5849
-0.586
-0.5835
-0.5844
-0.5857
-0.5823
-0.5855
-0.5853
-0.5843
-0.5862
-0.5846
-0.5839
-0.5852
-0.5829
-0.5854
-0.5827
-0.5826
-0.5843
-0.5836
-0.5832
-0.5858
-0.5858
-0.5836
-0.584
-0.5851
-0.5835
-0.5863
-0.5832
-0.5846
-0.5853
-0.5831
-0.5816
-0.5853
-0.5864
-0.5808
-0.5881
-0.5837
-0.5876
-0.586
-0.5843
-0.5827
-0.584
-0.5837
-0.5831
-0.5855
-0.5829
-0.5865
-0.5844
-0.5868
-0.5846
-0.5842
-0.5837
-0.5814
-0.5833
-0.5884
-0.5856
-0.586
-0.5879
-0.584
-0.5868
-0.5857
-0.5835
-0.586
-0.5854
-0.5858
-0.5815
-0.5874
-0.5844
-0.5861
-0.5805
-0.5815
-0.5834
-0.5837
-0.5816
-0.5862
-0.5853
-0.587
-0.5837
-0.5844
-0.5835
-0.5857
-0.5852
-0.5838
-0.5849
-0.5803
-0.5861
-0.5862
-0.5866
-0.5848
-0.581
-0.5865
-0.5846
-0.5818
-0.5808
-0.5865
-0.5813
-0.5857
-0.5838
-0.5843
-0.5846
-0.5866
-0.5863
-0.5851
-0.5834
-0.5868
-0.585
-0.5847
-0.5839
-0.5854
-0.5864
-0.5871
-0.5833
-0.5843
-0.5851
-0.5834
-0.5849
-0.5841
-0.5831
-0.5813
-0.583
-0.5851
-0.5852
-0.5863
-0.5808
-0.5827
-0.5857
-0.5827
-0.5868
-0.5816
-0.5845
-0.5838
-0.5845
-0.5849
-0.5841
-0.5858
-0.5858
-0.5862
-0.5849
-0.5853
-0.5835
-0.5856
-0.5863
-0.5877
-0.5877
-0.5868
-0.5863
-0.5841
-0.586
-0.5858
-0.5857
-0.5854
-0.583
-0.5835
-0.5852
-0.5864
-0.5831
-0.5857
-0.5828
-0.585
-0.5843
-0.5854
-0.5837
-0.5854
-0.5851
-0.5837
-0.5875
-0.5842
-0.5904
-0.5835
-0.584
-0.5841
-0.5824
-0.5853
-0.5807
-0.5829
-0.5869
-0.5836
-0.5846
-0.5839
-0.5852
-0.589
-0.5845
-0.5848
-0.5839
-0.5884
-0.5822
-0.5857
-0.585
-0.5841
-0.5837
-0.5829
-0.5863
-0.5868
-0.5849
-0.5868
-0.586
-0.5857
-0.5884
-0.5884
-0.5854
-0.5838
-0.5866
-0.5849
-0.5857
-0.5825
-0.5869
-0.5859
-0.5891
-0.5876
-0.5839
-0.5868
-0.5868
-0.5866
-0.5833
-0.5858
-0.586
-0.584
-0.5861
-0.5864
-0.5873
-0.5858
-0.5854
-0.5849
-0.5853
-0.5853
-0.5877
-0.5854
-0.5838
-0.5869
-0.5848
-0.5843
-0.5862
-0.5863
-0.5845
-0.5884
-0.5834
-0.5836
-0.5832
-0.5862
-0.5858
-0.5855
-0.5858
-0.5857
-0.5867
-0.5875
-0.5874
-0.5811
-0.5869
-0.5846
-0.5838
-0.5855
-0.5851
-0.5843
-0.5833
-0.5865
-0.5887
-0.5873
-0.5844
-0.5867
-0.5846
-0.5836
-0.5842
-0.5802
-0.5844
-0.5841
-0.584
-0.5844
-0.5854
-0.5851
-0.5884
-0.5839
-0.5869
-0.5835
-0.5846
-0.5867
-0.5885
-0.5848
-0.5844
-0.5872
-0.5835
-0.586
-0.5866
-0.5827
-0.5877
-0.584
-0.5862
-0.5864
-0.5846
-0.5909
-0.586
-0.5854
-0.5864
-0.588
-0.5833
-0.5865
-0.5849
-0.5842
-0.5884
-0.5838
-0.5861
-0.586
-0.5862
-0.5832
-0.5853
-0.5851
-0.584
-0.5869
-0.5833
-0.5823
-0.5877
-0.5879
-0.5862
-0.5808
-0.5854
-0.5871
-0.584
-0.5871
-0.5837
-0.587
-0.5824
-0.5823
-0.5875
-0.5838
-0.5882
-0.5843
-0.5817
-0.5833
-0.5867
-0.5856
-0.5866
-0.587
-0.5867
-0.5849
-0.5832
-0.584
-0.5859
-0.5849
-0.5867
-0.5871
-0.5832
-0.5821
-0.5888
-0.5848
-0.5868
-0.5873
-0.5875
-0.5841
-0.5821
-0.584
-0.5848
-0.5876
-0.5861
-0.5835
-0.5883
-0.584
-0.5875
-0.5886
-0.588
-0.5854
-0.5874
-0.5861
-0.5866
-0.5866
-0.5847
-0.5854
-0.5852
-0.5862
-0.5851
-0.5857
-0.5849
-0.5825
-0.5851
-0.5871
-0.5891
-0.586
-0.5843
-0.5881
-0.5857
-0.5855
-0.5846
-0.5828
-0.5839
-0.5848
-0.5854
-0.5823
-0.589
-0.587
-0.5858
-0.5842
-0.5873
-0.5866
-0.5866
-0.5851
-0.5849
-0.5859
-0.5859
-0.5862
-0.5852
-0.5857
-0.585
-0.5876
-0.586
-0.5853
-0.5852
-0.5874
-0.589
-0.5871
-0.5881
-0.5852
-0.5874
-0.5866
-0.587
-0.5846
-0.5891
-0.5873
-0.5876
-0.5862
-0.5896
-0.5877
-0.5867
-0.5866
-0.5846
-0.5849
-0.5873
-0.5834
-0.5858
-0.5872
-0.5884
-0.5863
-0.5826
-0.5876
-0.5885
-0.5888
-0.5872
-0.5879
-0.59
-0.5912
-0.5858
-0.589
-0.5877
-0.584
-0.5885
-0.5877
-0.5889
-0.5888
-0.5899
-0.5863
-0.5855
-0.5862
-0.5854
-0.5867
-0.5871
-0.5883
-0.5858
-0.5871
-0.5879
-0.5882
-0.5861
-0.5882
-0.5888
-0.5871
-0.5884
-0.5844
-0.5837
-0.5916
-0.588
-0.5882
-0.5858
-0.5875
-0.5866
-0.5907
-0.5868
-0.5885
-0.5893
-0.5879
-0.5904
-0.5854
-0.5896
-0.5876
-0.5882
-0.5893
-0.5879
-0.5882
-0.5897
-0.5882
-0.5862
-0.5859
-0.5884
-0.5871
-0.5871
-0.5887
-0.5896
-0.5899
-0.5866
-0.5897
-0.5874
-0.5914
-0.589
-0.5873
-0.5866
-0.5866
-0.5889
-0.5847
-0.587
-0.5888
-0.5867
-0.5885
-0.5898
-0.5876
-0.5866
-0.588
-0.5877
-0.5865
-0.5879
-0.587
-0.5879
-0.5877
-0.5892
-0.5876
-0.5901
-0.5865
-0.5894
-0.586
-0.5859
-0.5869
-0.5855
-0.5863
-0.5869
-0.5905
-0.5846
-0.5869
-0.5938
-0.589
-0.5902
-0.5869
-0.587
-0.5891
-0.5872
-0.5895
-0.5876
-0.5902
-0.5859
-0.5868
-0.5897
-0.5887
-0.5866
-0.587
-0.5878
-0.5881
-0.5855
-0.5876
-0.5891
-0.5875
-0.5899
-0.5868
-0.5881
-0.588
-0.588
-0.5885
-0.5881
-0.5878
-0.5867
-0.5872
-0.5873
-0.5892
-0.5885
-0.5869
-0.5891
-0.586
-0.5896
-0.5885
-0.5856
-0.5886
-0.5873
-0.5879
-0.5868
-0.5896
-0.589
-0.5857
-0.5861
-0.5896
-0.5867
-0.5865
-0.5876
-0.5853
-0.589
-0.5863
-0.5864
-0.5868
-0.5898
-0.5848
-0.5862
-0.5881
-0.5852
-0.5854
-0.5889
-0.5883
-0.5873
-0.5905
-0.5862
-0.5863
-0.5881
-0.5853
-0.5855
-0.5895
-0.5852
-0.5885
-0.5904
-0.5877
-0.585
-0.5892
-0.5856
-0.5873
-0.586
-0.5857
-0.5883
-0.5851
-0.5877
-0.5877
-0.5907
-0.5895
-0.5862
-0.5874
-0.5892
-0.5872
-0.5869
-0.5869
-0.585
-0.5871
-0.5892
-0.5863
-0.586
-0.5847
-0.5843
-0.5861
-0.5869
-0.5896
-0.5865
-0.5882
-0.5858
-0.5887
-0.5861
-0.5861
-0.5874
-0.5858
-0.5877
-0.5895
-0.5843
-0.5883
-0.589
-0.589
-0.5893
-0.5867
-0.5891
-0.5877
-0.5882
-0.5869
-0.584
-0.5876
-0.5878
-0.589
-0.5852
-0.5869
-0.5868
-0.5862
-0.5868
-0.5825
-0.589
-0.5904
-0.5869
-0.5863
-0.5832
-0.5888
-0.5876
-0.5897
-0.5858
-0.5886
-0.5846
-0.5854
-0.5901
-0.5855
-0.5873
-0.5858
-0.586
-0.5884
-0.5886
-0.5871
-0.5852
-0.5862
-0.584
-0.5856
-0.584
-0.5842
-0.5855
-0.5843
-0.5851
-0.588
-0.5848
-0.5874
-0.5853
-0.5847
-0.5831
-0.5851
-0.5845
-0.5885
-0.5864
-0.5832
-0.5854
-0.5849
-0.5833
-0.5855
-0.588
-0.5895
-0.5843
-0.5844
-0.5862
-0.5862
-0.5864
-0.5862
-0.5872
-0.5841
-0.5868
-0.5871
-0.5833
-0.5855
-0.5859
-0.586
-0.5877
-0.5864
-0.5882
-0.5877
-0.5841
-0.5877
-0.5883
-0.5871
-0.5816
-0.5836
-0.5848
-0.5861
-0.5854
-0.5852
-0.5858
-0.5855
-0.5884
-0.5854
-0.5846
-0.5826
-0.5885
-0.5865
-0.5857
-0.5893
-0.5871
-0.5882
-0.5865
-0.5843
-0.5893
-0.5859
-0.5844
-0.5893
-0.5857
-0.589
-0.5865
-0.5877
-0.5913
-0.5874
-0.5868
-0.5873
-0.5882
-0.5884
-0.5905
-0.5893
-0.5902
-0.5865
-0.5913
-0.5858
-0.5903
-0.5875
-0.5871
-0.5887
-0.5862
-0.5869
-0.5854
-0.5887
-0.5864
-0.5877
-0.5907
-0.5904
-0.589
-0.5884
-0.5891
-0.5893
-0.5868
-0.5885
-0.5858
-0.5875
-0.5877
-0.5885
-0.5873
-0.5879
-0.5899
-0.5909
-0.5858
-0.5833
-0.5852
-0.5877
-0.5854
-0.5889
-0.589
-0.5897
-0.5847
-0.5866
-0.591
-0.5841
-0.5875
-0.5858
-0.5884
-0.5888
-0.5887
-0.5879
-0.5885
-0.5859
-0.5904
-0.5868
-0.5896
-0.5902
-0.5873
-0.5887
-0.5847
-0.5904
-0.5849
-0.5896
-0.5897
-0.5901
-0.5869
-0.5902
-0.5872
-0.5879
-0.5879
-0.5939
-0.588
-0.5891
-0.5879
-0.5914
-0.5894
-0.5858
-0.5894
-0.5873
-0.5873
-0.5873
-0.5878
-0.5885
-0.586
-0.59
-0.5906
-0.5874
-0.5879
-0.5888
-0.5892
-0.5872
-0.586
-0.588
-0.5865
-0.5878
-0.588
-0.5878
-0.5884
-0.588
-0.5868
-0.5893
-0.5889
-0.5853
-0.5875
-0.586
-0.5898
-0.5872
-0.5882
-0.5836
-0.5894
-0.5857
-0.5886
-0.589
-0.5888
-0.5887
-0.591
-0.5874
-0.5891
-0.5871
-0.5869
-0.5844
-0.5849
-0.5849
-0.5889
-0.5901
-0.5851
-0.5854
-0.5884
-0.5889
-0.5837
-0.5895
-0.5869
-0.5881
-0.5873
-0.5868
-0.5843
-0.5876
-0.5882
-0.5879
-0.5877
-0.5897
-0.5866
-0.5865
-0.5897
-0.5848
-0.5851
-0.5876
-0.5895
-0.5876
-0.5855
-0.5877
-0.5901
-0.5896
-0.5859
-0.5907
-0.5884
-0.5892
-0.5877
-0.5892
-0.5884
-0.5876
-0.5904
-0.5896
-0.5921
-0.5867
-0.591
-0.5877
-0.5855
-0.5887
-0.5877
-0.5891
-0.5897
-0.5901
-0.589
-0.5873
-0.588
-0.5881
-0.586
-0.5871
-0.5909
-0.5857
-0.5882
-0.5896
-0.5891
-0.5891
-0.5883
-0.5897
-0.5887
-0.5859
-0.5891
-0.5892
-0.5912
-0.589
-0.5898
-0.5858
-0.5863
-0.5865
-0.5893
-0.5855
-0.5886
-0.5873
-0.587
-0.5854
-0.5877
-0.5899
-0.5893
-0.5848
-0.589
-0.5899
-0.5858
-0.5877
-0.5884
-0.5869
-0.5875
-0.5872
-0.587
-0.5881
-0.5892
-0.5869
-0.5912
-0.588
-0.5889
-0.5868
-0.5887
-0.5871
-0.5896
-0.5902
-0.5877
-0.5872
-0.5892
-0.586
-0.5901
-0.5883
-0.5915
-0.5884
-0.5887
-0.5869
-0.5876
-0.5874
-0.5844
-0.5869
-0.5869
-0.5899
-0.5888
-0.5868
-0.5859
-0.5862
-0.5885
-0.5914
-0.5898
-0.5873
-0.589
-0.5896
-0.5875
-0.5854
-0.5876
-0.5878
-0.5846
-0.5889
-0.5874
-0.583
-0.5888
-0.5878
-0.5911
-0.5875
-0.588
-0.5907
-0.5898
-0.586
-0.5842
-0.5902
-0.5939
-0.5901
-0.5863
-0.5869
-0.5847
-0.5884
-0.5879
-0.5898
-0.5871
-0.5869
-0.5884
-0.5862
-0.5863
-0.5857
-0.5892
-0.5902
-0.5879
-0.5896
-0.589
-0.5856
-0.5873
-0.5883
-0.5842
-0.5868
-0.5841
-0.5893
-0.5891
-0.5848
-0.5891
-0.5862
-0.5868
-0.5867
-0.5888
-0.5835
-0.5863
-0.5904
-0.5829
-0.5878
-0.5862
-0.5866
-0.5865
-0.5835
-0.5862
-0.5889
-0.5888
-0.5884
-0.5865
-0.591
-0.5888
-0.5866
-0.5888
-0.5906
-0.5884
-0.5889
-0.5872
-0.5867
-0.5893
-0.5882
-0.5858
-0.5865
-0.5896
-0.589
-0.5867
-0.5882
-0.5878
-0.5904
-0.5863
-0.5855
-0.588
-0.5899
-0.5884
-0.5899
-0.5871
-0.5846
-0.5912
-0.5856
-0.5857
-0.5912
-0.5877
-0.5851
-0.5892
-0.5873
-0.5853
-0.5877
-0.5859
-0.59
-0.5873
-0.5883
-0.5876
-0.5899
-0.5888
-0.5876
-0.588
-0.592
-0.5852
-0.5904
-0.5874
-0.5872
-0.5865
-0.5871
-0.5887
-0.5869
-0.5902
-0.5874
-0.5879
-0.5885
-0.5878
-0.5947
-0.5902
-0.5877
-0.5884
-0.5905
-0.591
-0.5907
-0.5905
-0.5877
-0.588
-0.587
-0.586
-0.5885
-0.5895
-0.5888
-0.59
-0.5871
-0.5909
-0.5916
-0.5924
-0.5935
-0.5918
-0.586
-0.591
-0.5915
-0.5888
-0.5904
-0.5891
-0.5874
-0.5918
-0.5923
-0.5871
-0.5915
-0.5846
-0.5903
-0.5891
-0.5857
-0.5896
-0.5904
-0.588
-0.5899
-0.5877
-0.5915
-0.5924
-0.5913
-0.5938
-0.5922
-0.5888
-0.5876
-0.5924
-0.5908
-0.5918
-0.5913
-0.589
-0.5909
-0.5927
-0.5907
-0.5936
-0.5912
-0.5919
-0.5894
-0.5877
-0.5918
-0.5918
-0.5913
-0.5942
-0.5902
-0.5921
-0.5911
-0.5932
-0.5903
-0.5935
-0.5898
-0.5907
-0.5981
-0.5926
-0.5957
-0.5945
-0.5909
-0.5913
-0.5901
-0.5961
-0.5915
-0.5962
-0.592
-0.5947
-0.5906
-0.5951
-0.5891
-0.5942
-0.5971
-0.5978
-0.5921
-0.5946
-0.5932
-0.5949
-0.5941
-0.594
-0.5933
-0.5947
-0.5963
-0.595
-0.5978
-0.5916
-0.5916
-0.5927
-0.5974
-0.5935
-0.5964
-0.5968
-0.5981
-0.5969
-0.5952
-0.5951
-0.5946
-0.5956
-0.5943
-0.5923
-0.5938
-0.594
-0.5967
-0.5957
-0.596
-0.595
-0.5924
-0.5884
-0.5938
-0.5959
-0.5945
-0.5927
-0.592
-0.5951
-0.5949
-0.5928
-0.5955
-0.5929
-0.5947
-0.5927
-0.5963
-0.5949
-0.5958
-0.5987
-0.5932
-0.5929
-0.5939
-0.5935
-0.5945
-0.5921
-0.5909
-0.5965
-0.5953
-0.5937
-0.5939
-0.5962
-0.5946
-0.5947
-0.5921
-0.5932
-0.5927
-0.5977
-0.5935
-0.5927
-0.5952
-0.5934
-0.597
-0.595
-0.5932
-0.5901
-0.5973
-0.592
-0.5956
-0.5945
-0.5943
-0.594
-0.5942
-0.5955
-0.5952
-0.59
-0.5925
-0.595
-0.5933
-0.5931
-0.5955
-0.5912
-0.5941
-0.5933
-0.5944
-0.5926
-0.5937
-0.5942
-0.5916
-0.5915
-0.5936
-0.5954
-0.5905
-0.5954
-0.5913
-0.5942
-0.5914
-0.5934
-0.592
-0.5924
-0.5895
-0.5929
-0.5915
-0.5935
-0.5956
-0.5933
-0.5918
-0.5928
-0.5925
-0.5929
-0.5918
-0.5941
-0.5904
-0.5937
-0.5941
-0.5928
-0.5927
-0.5909
-0.594
-0.5886
-0.5912
-0.5904
-0.5923
-0.5932
-0.5893
-0.5912
-0.5929
-0.5905
-0.5924
-0.592
-0.5926
-0.5958
-0.5916
-0.5934
-0.5937
-0.5932
-0.5927
-0.5966
-0.5924
-0.5939
-0.5909
-0.5925
-0.5923
-0.5911
-0.5938
-0.5934
-0.592
-0.5915
-0.5931
-0.5941
-0.5942
-0.5886
-0.5945
-0.5916
-0.5905
-0.5961
-0.5945
-0.5914
-0.5927
-0.5924
-0.5935
-0.5897
-0.5933
-0.5937
-0.5912
-0.5921
-0.5934
-0.5922
-0.591
-0.5891
-0.5901
-0.5942
-0.592
-0.5911
-0.5904
-0.5934
-0.5907
-0.5932
-0.5918
-0.5936
-0.592
-0.5939
-0.5964
-0.592
-0.5925
-0.5916
-0.5929
-0.5957
-0.5918
-0.5909
-0.5915
-0.5912
-0.5925
-0.5911
-0.5909
-0.5884
-0.5927
-0.592
-0.5925
-0.5899
-0.5912
-0.5928
-0.5895
-0.5864
-0.5911
-0.5926
-0.5885
-0.5921
-0.5914
-0.5907
-0.5935
-0.5923
-0.5956
-0.5899
-0.5906
-0.5917
-0.5901
-0.5891
-0.5912
-0.5924
-0.5913
-0.5942
-0.5912
-0.5918
-0.5916
-0.5957
-0.5926
-0.5938
-0.5923
-0.5885
-0.5934
-0.5916
-0.5925
-0.5879
-0.5905
-0.5908
-0.5894
-0.5919
-0.5873
-0.5918
-0.5895
-0.589
-0.5915
-0.5911
-0.5899
-0.5897
-0.5903
-0.5924
-0.5907
-0.5898
-0.5914
-0.5923
-0.5912
-0.5946
-0.5918
-0.5912
-0.5906
-0.5901
-0.5934
-0.5891
-0.592
-0.5909
-0.5912
-0.5936
-0.592
-0.5912
-0.5882
-0.5885
-0.5906
-0.5929
-0.5918
-0.5945
-0.5929
-0.5907
-0.5924
-0.596
-0.5886
-0.5912
-0.588
-0.5882
-0.588
-0.5888
-0.5892
-0.5946
-0.5902
-0.5913
-0.5888
-0.5893
-0.592
-0.5885
-0.59
-0.5932
-0.5867
-0.589
-0.5899
-0.5913
-0.5902
-0.5893
-0.5915
-0.5868
-0.5903
-0.5835
-0.5883
-0.5916
-0.5917
-0.592
-0.589
-0.588
-0.5883
-0.5936
-0.588
-0.5864
-0.5904
-0.5902
-0.5913
-0.59
-0.5877
-0.5898
-0.5924
-0.5904
-0.5865
-0.5901
-0.59
-0.5909
-0.5917
-0.5903
-0.5898
-0.5925
-0.5903
-0.5892
-0.5876
-0.5902
-0.5904
-0.5896
-0.5884
-0.587
-0.5932
-0.5896
-0.5907
-0.589
-0.5904
-0.5853
-0.5877
-0.5886
-0.5928
-0.5904
-0.5898
-0.5895
-0.5886
-0.5893
-0.5912
-0.5902
-0.5906
-0.5927
-0.5876
-0.5898
-0.5899
-0.591
-0.5904
-0.5884
-0.5895
-0.589
-0.5916
-0.592
-0.5887
-0.5875
-0.589
-0.5908
-0.5899
-0.5924
-0.5883
-0.5896
-0.5895
-0.5901
-0.5898
-0.5887
-0.5888
-0.5894
-0.5864
-0.5894
-0.59
-0.5873
-0.5887
-0.5879
-0.5876
-0.5895
-0.5907
-0.5901
-0.5873
-0.5891
-0.5897
-0.5892
-0.5901
-0.5891
-0.585
-0.588
-0.5896
-0.5913
-0.589
-0.5878
-0.5891
-0.5888
-0.5857
-0.5887
-0.5903
-0.5887
-0.5899
-0.591
-0.5883
-0.5884
-0.5884
-0.594
-0.5866
-0.5921
-0.5913
-0.587
-0.5933
-0.5859
-0.5902
-0.5888
-0.5882
-0.5894
-0.5891
-0.5932
-0.5863
-0.5855
-0.5901
-0.5882
-0.5878
-0.584
-0.5887
-0.5875
-0.589
-0.5901
-0.5884
-0.5846
-0.5877
-0.5905
-0.5894
-0.5876
-0.5896
-0.5859
-0.5899
-0.5887
-0.5865
-0.5918
-0.5865
-0.5885
-0.5902
-0.5907
-0.5898
-0.5873
-0.5883
-0.5868
-0.5888
-0.5899
-0.5879
-0.5885
-0.5891
-0.5869
-0.5907
-0.5887
-0.5866
-0.5902
-0.5893
-0.5926
-0.5895
-0.5922
-0.5888
-0.5896
-0.5891
-0.5899
-0.5883
-0.5918
-0.5866
-0.5902
-0.5896
-0.5864
-0.59
-0.5884
-0.5874
-0.5902
-0.5883
-0.5875
-0.5896
-0.5898
-0.5917
-0.5893
-0.5869
-0.5862
-0.5884
-0.5926
-0.5874
-0.5892
-0.5903
-0.5856
-0.5926
-0.59
-0.5892
-0.5858
-0.5893
-0.5887
-0.5884
-0.5902
-0.5894
-0.5882
-0.5905
-0.5925
-0.5918
-0.5877
-0.5868
-0.5902
-0.5917
-0.5891
-0.5896
-0.589
-0.5886
-0.5909
-0.5898
-0.5875
-0.5899
-0.5866
-0.5938
-0.5885
-0.5877
-0.5881
-0.59
-0.5907
-0.5893
-0.5874
-0.5909
-0.5905
-0.5917
-0.5913
-0.5875
-0.5904
-0.5902
-0.5904
-0.5909
-0.5929
-0.5893
-0.5914
-0.5879
-0.5905
-0.5891
-0.5932
-0.5887
-0.593
-0.5881
-0.5884
-0.5912
-0.5909
-0.5906
-0.5895
-0.5923
-0.5894
-0.5907
-0.5877
-0.5909
-0.5928
-0.5926
-0.5903
-0.5933
-0.5875
-0.5909
-0.5925
-0.5876
-0.5899
-0.5918
-0.5882
-0.5884
-0.5923
-0.5873
-0.5928
-0.5912
-0.5923
-0.5901
-0.587
-0.5908
-0.5907
-0.5881
-0.5892
-0.5905
-0.5929
-0.5891
-0.5869
-0.5887
-0.5931
-0.5921
-0.5886
-0.5935
-0.588
-0.59
-0.588
-0.5876
-0.5901
-0.5901
-0.5901
-0.591
-0.5888
-0.5898
-0.5895
-0.5905
-0.59
-0.5907
-0.5889
-0.5894
-0.5906
-0.5866
-0.5871
-0.5896
-0.5902
-0.591
-0.5912
-0.5888
-0.5884
-0.5881
-0.5909
-0.5896
-0.5913
-0.591
-0.591
-0.5901
-0.5908
-0.5907
-0.5882
-0.5882
-0.592
-0.5921
-0.5899
-0.5868
-0.5862
-0.5946
-0.5905
-0.5905
-0.5873
-0.5884
-0.5906
-0.5892
-0.5903
-0.5899
-0.5907
-0.593
-0.592
-0.5916
-0.5878
-0.5917
-0.5908
-0.5906
-0.5922
-0.5916
-0.5921
-0.5916
-0.5921
-0.5912
-0.5887
-0.5906
-0.5904
-0.5901
-0.5896
-0.5913
-0.5895
-0.5902
-0.5937
-0.5916
-0.5923
-0.5927
-0.5913
-0.5895
-0.5905
-0.5888
-0.5892
-0.5913
-0.5904
-0.5926
-0.5915
-0.5877
-0.5891
-0.5882
-0.5877
-0.5916
-0.5951
-0.5925
-0.5895
-0.5887
-0.5905
-0.5919
-0.5904
-0.5907
-0.5938
-0.5912
-0.5898
-0.5895
-0.5918
-0.5926
-0.5907
-0.5914
-0.5915
-0.5904
-0.5912
-0.5912
-0.5957
-0.5896
-0.5901
-0.5907
-0.5902
-0.5893
-0.5916
-0.5905
-0.5914
-0.5924
-0.5916
-0.5902
-0.5903
-0.5918
-0.5898
-0.5914
-0.5921
-0.5891
-0.5911
-0.5923
-0.589
-0.5934
-0.5924
-0.5907
-0.5894
-0.5901
-0.5931
-0.5906
-0.592
-0.5903
-0.5934
-0.592
-0.5902
-0.5939
-0.5939
-0.5931
-0.5921
-0.5929
-0.5933
-0.5917
-0.5902
-0.5943
-0.5892
-0.5905
-0.5926
-0.5921
-0.5914
-0.5899
-0.5906
-0.592
-0.5938
-0.5934
-0.592
-0.5949
-0.5934
-0.5949
-0.5913
-0.5945
-0.5959
-0.5916
-0.5932
-0.5926
-0.5899
-0.5918
-0.595
-0.5946
-0.5928
-0.5956
-0.5887
-0.5933
-0.5943
-0.5914
-0.5957
-0.5929
-0.5935
-0.5967
-0.5935
-0.5899
-0.5967
-0.593
-0.5932
-0.5918
-0.5945
-0.5963
-0.5933
-0.5926
-0.5952
-0.5938
-0.5965
-0.5933
-0.5932
-0.5935
-0.5938
-0.5927
-0.5923
-0.5925
-0.5956
-0.5918
-0.5951
-0.5973
-0.5951
-0.5957
-0.5947
-0.5913
-0.5945
-0.592
-0.5937
-0.5936
-0.5935
-0.5946
-0.5924
-0.595
-0.5917
-0.5924
-0.5954
-0.595
-0.5934
-0.5952
-0.5904
-0.5923
-0.5952
-0.5911
-0.5935
-0.594
-0.5935
-0.5946
-0.5938
-0.5946
-0.5918
-0.5926
-0.5921
-0.5916
-0.5926
-0.5912
-0.5963
-0.5924
-0.5913
-0.5917
-0.5904
-0.5905
-0.5938
-0.5913
-0.5912
-0.592
-0.5946
-0.5921
-0.5919
-0.5933
-0.5931
-0.592
-0.5943
-0.5954
-0.5928
-0.5923
-0.5935
-0.589
-0.5891
-0.5935
-0.5929
-0.5924
-0.5898
-0.5973
-0.5909
-0.5927
-0.5935
-0.5928
-0.5938
-0.5934
-0.5958
-0.594
-0.5941
-0.5929
-0.5966
-0.5941
-0.5937
-0.5922
-0.5954
-0.5916
-0.5893
-0.5937
-0.5923
-0.5939
-0.5925
-0.5904
-0.5924
-0.5917
-0.5941
-0.5907
-0.5906
-0.5894
-0.594
-0.5918
-0.5921
-0.5913
-0.5915
-0.5918
-0.5907
-0.5907
-0.5902
-0.5909
-0.5933
-0.5931
-0.5926
-0.5927
-0.5927
-0.5902
-0.5898
-0.5913
-0.5904
-0.5908
-0.5911
-0.5902
-0.5909
-0.5907
-0.5915
-0.5896
-0.5927
-0.5883
-0.5929
-0.5925
-0.5921
-0.5953
-0.5933
-0.5896
-0.591
-0.5896
-0.5918
-0.5896
-0.5917
-0.5917
-0.5899
-0.5909
-0.5856
-0.5895
-0.591
-0.5905
-0.5909
-0.5911
-0.5896
-0.5888
-0.5871
-0.593
-0.5891
-0.5892
-0.5884
-0.5904
-0.5881
-0.5903
-0.5899
-0.5876
-0.5907
-0.5876
-0.5899
-0.5914
-0.5916
-0.5888
-0.5879
-0.5891
-0.5902
-0.5893
-0.5909
-0.5926
-0.5887
-0.5887
-0.5911
-0.5882
-0.5902
-0.5896
-0.5917
-0.5904
-0.5885
-0.5888
-0.5909
-0.5866
-0.5874
-0.5887
-0.5879
-0.5917
-0.5885
-0.589
-0.5846
-0.5899
-0.5865
-0.5903
-0.5869
-0.5906
-0.5885
-0.5906
-0.5873
-0.5868
-0.5897
-0.5898
-0.5865
-0.5901
-0.5884
-0.5915
-0.588
-0.5896
-0.5892
-0.5901
-0.5885
-0.5885
-0.5879
-0.5911
-0.5872
-0.5869
-0.5882
-0.5879
-0.5876
-0.589
-0.591
-0.5875
-0.5895
-0.5866
-0.5913
-0.59
-0.5867
-0.5928
-0.5885
-0.5861
-0.5899
-0.586
-0.589
-0.5911
-0.5876
-0.5873
-0.5878
-0.5902
-0.5857
-0.5893
-0.591
-0.5899
-0.5904
-0.5894
-0.5891
-0.5879
-0.5854
-0.5923
-0.589
-0.5857
-0.5893
-0.5909
-0.5873
-0.589
-0.5899
-0.589
-0.5885
-0.589
-0.587
-0.5872
-0.5908
-0.5893
-0.5899
-0.5911
-0.5885
-0.5882
-0.5866
-0.5897
-0.5896
-0.5887
-0.5869
-0.5909
-0.589
-0.5878
-0.5915
-0.5879
-0.5893
-0.5912
-0.587
-0.5875
-0.586
-0.5881
-0.5879
-0.5887
-0.5923
-0.5885
-0.5889
-0.5874
-0.5875
-0.5864
-0.5899
-0.5912
-0.5888
-0.5905
-0.5905
-0.5884
-0.5914
-0.5906
-0.5911
-0.5886
-0.5916
-0.5883
-0.5871
-0.5917
-0.5878
-0.5921
-0.5893
-0.5888
-0.589
-0.5908
-0.5888
-0.5915
-0.5862
-0.5916
-0.5879
-0.592
-0.5869
-0.5896
-0.5897
-0.5885
-0.5861
-0.5906
-0.5912
-0.5915
-0.5859
-0.5904
-0.5907
-0.5897
-0.5904
-0.588
-0.5867
-0.5881
-0.5908
-0.5879
-0.5902
-0.589
-0.5898
-0.5921
-0.5891
-0.5932
-0.5885
-0.5882
-0.5891
-0.589
-0.5905
-0.5904
-0.5878
-0.5904
-0.5888
-0.5863
-0.5893
-0.5868
-0.5899
-0.5885
-0.5882
-0.5898
-0.589
-0.5893
-0.5879
-0.591
-0.5893
-0.5893
-0.5879
-0.592
-0.5922
-0.5879
-0.5871
-0.5895
-0.589
-0.5906
-0.5892
-0.5908
-0.5902
-0.589
-0.5914
-0.5921
-0.5895
-0.5895
-0.5885
-0.5912
-0.5896
-0.5931
-0.5878
-0.5917
-0.588
-0.5894
-0.5895
-0.5905
-0.5899
-0.5918
-0.5899
-0.5878
-0.5891
-0.588
-0.5905
-0.5915
-0.5899
-0.5894
-0.5873
-0.5873
-0.5904
-0.5904
-0.5892
-0.591
-0.59
-0.5909
-0.5912
-0.5883
-0.5876
-0.5905
-0.5934
-0.5886
-0.5893
-0.5892
-0.5866
-0.589
-0.5916
-0.5908
-0.59
-0.5876
-0.5898
-0.5884
-0.5918
-0.5865
-0.5897
-0.5887
-0.5899
-0.59
-0.5909
-0.5866
-0.5875
-0.5852
-0.5883
-0.5904
-0.5885
-0.5898
-0.5852
-0.5876
-0.5916
-0.5904
-0.5916
-0.5888
-0.5858
-0.5874
-0.59
-0.5897
-0.5915
-0.5908
-0.589
-0.5903
-0.5896
-0.592
-0.5893
-0.5907
-0.5905
-0.5887
-0.5875
-0.5904
-0.5877
-0.5909
-0.5902
-0.5871
-0.5885
-0.5877
-0.5879
-0.5889
-0.5905
-0.5929
-0.5897
-0.5946
-0.5901
-0.5882
-0.59
-0.5876
-0.5874
-0.5888
-0.5854
-0.5898
-0.5873
-0.5915
-0.5895
-0.5904
-0.5888
-0.5898
-0.5916
-0.5893
-0.5898
-0.5933
-0.5899
-0.5909
-0.589
-0.5887
-0.5882
-0.5868
-0.5923
-0.5871
-0.5896
-0.5898
-0.5887
-0.5904
-0.5901
-0.5901
-0.5909
-0.5877
-0.5907
-0.5877
-0.5886
-0.5888
-0.5917
-0.586
-0.5905
-0.5888
-0.5904
-0.5901
-0.5916
-0.5877
-0.5921
-0.5884
-0.5898
-0.5902
-0.5916
-0.5924
-0.5884
-0.5873
-0.5889
-0.5923
-0.5908
-0.589
-0.5917
-0.5896
-0.5878
-0.5916
-0.589
-0.5905
-0.5879
-0.5899
-0.588
-0.5895
-0.5902
-0.5932
-0.5931
-0.5912
-0.5924
-0.5904
-0.5899
-0.5917
-0.5934
-0.5892
-0.5891
-0.5898
-0.5907
-0.5869
-0.5907
-0.5895
-0.5922
-0.5901
-0.5912
-0.5905
-0.5896
-0.5888
-0.5902
-0.5876
-0.5889
-0.5898
-0.588
-0.5888
-0.5896
-0.5855
-0.5882
-0.5903
-0.5909
-0.5895
-0.5865
-0.5895
-0.5882
-0.5918
-0.5921
-0.5873
-0.5873
-0.5916
-0.5891
-0.5901
-0.5884
-0.5886
-0.5913
-0.5884
-0.5901
-0.589
-0.5913
-0.5912
-0.5885
-0.5934
-0.5869
-0.5888
-0.5907
-0.5902
-0.5937
-0.59
-0.5909
-0.5912
-0.5917
-0.5929
-0.5926
-0.5931
-0.5941
-0.5946
-0.5963
-0.5951
-0.5971
-0.5961
-0.5963
-0.5993
-0.5951
-0.5974
-0.5951
-0.5976
-0.6003
-0.5972
-0.5963
-0.5984
-0.5971
-0.5974
-0.5953
-0.5937
-0.5958
-0.5964
-0.599
-0.596
-0.5958
-0.5951
-0.6001
-0.5987
-0.5974
-0.5998
-0.6011
-0.6032
-0.5946
-0.5994
-0.5971
-0.5984
-0.6003
-0.5968
-0.5963
-0.5951
-0.6018
-0.5973
-0.5971
-0.5965
-0.5988
-0.5947
-0.5975
-0.5989
-0.5983
-0.5987
-0.5985
-0.6004
-0.5978
-0.5991
-0.5985
-0.5982
-0.5971
-0.5995
-0.5993
-0.5963
-0.5982
-0.5945
-0.5955
-0.6004
-0.6029
-0.5951
-0.5981
-0.5999
-0.5982
-0.6
-0.5998
-0.5961
-0.6006
-0.5991
-0.599
-0.5971
-0.5995
-0.6009
-0.5982
-0.5962
-0.5978
-0.5988
-0.5996
-0.5977
-0.6001
-0.5993
-0.6026
-0.5984
-0.5995
-0.6004
-0.6015
-0.6026
-0.5996
-0.5987
-0.602
-0.5998
-0.5975
-0.6027
-0.5976
-0.5978
-0.6013
-0.5992
-0.5984
-0.6026
-0.6
-0.5995
-0.6023
-0.5991
-0.6007
-0.5988
-0.5995
-0.6012
-0.5984
-0.5999
-0.599
-0.5981
-0.5977
-0.599
-0.5979
-0.602
-0.5987
-0.6009
-0.6014
-0.5993
-0.6023
-0.5981
-0.6005
-0.5976
-0.5989
-0.5979
-0.6018
-0.6017
-0.603
-0.6026
-0.5974
-0.5968
-0.5995
-0.6039
-0.5992
-0.5999
-0.5992
-0.5996
-0.5985
-0.6028
-0.6013
-0.6005
-0.6003
-0.5999
-0.5984
-0.6039
-0.5988
-0.6005
-0.5982
-0.5992
-0.6016
-0.5982
-0.6001
-0.5975
-0.6027
-0.6015
-0.601
-0.6008
-0.5998
-0.6033
-0.5999
-0.6039
-0.5982
-0.6001
-0.601
-0.6029
-0.6051
-0.6072
-0.6056
-0.5996
-0.5991
-0.6013
-0.6053
-0.6136
-0.6119
-0.621
-0.6225
-0.6366
-0.6352
-0.6429
-0.6278
-0.6148
-0.6138
-0.6167
-0.6128
-0.6105
-0.6123
-0.6116
-0.613
-0.6122
-0.6165
-0.6186
-0.6191
-0.6178
-0.6138
-0.6156
-0.6164
-0.6175
-0.6156
-0.6153
-0.6135
-0.61
-0.6154
-0.6132
-0.6122
-0.6167
-0.6209
-0.6158
-0.6169
-0.6224
-0.6124
-0.6197
-0.62
-0.6163
-0.6165
-0.6128
-0.6176
-0.6173
-0.6132
-0.6154
-0.6158
-0.6191
-0.6201
-0.6183
-0.6178
-0.6129
-0.6133
-0.6109
-0.61
-0.6139
-0.6136
-0.6119
-0.6178
-0.6137
-0.6106
-0.6181
-0.6092
-0.6093
-0.6118
-0.6146
-0.6147
-0.608
-0.6079
-0.6117
-0.6103
-0.6098
-0.614
-0.6085
-0.6109
-0.6069
-0.6117
-0.6102
-0.6081
-0.6144
-0.6075
-0.614
-0.6136
-0.6153
-0.6194
-0.6119
-0.6181
-0.6097
-0.615
-0.6137
-0.6103
-0.6143
-0.6135
-0.6164
-0.6086
-0.6068
-0.6006
-0.6065
-0.6082
-0.6061
-0.6057
-0.6026
-0.6034
-0.6011
-0.5981
-0.5974
-0.5954
-0.5985
-0.5985
-0.5984
-0.5949
-0.5964
-0.5959
-0.6026
-0.5988
-0.5951
-0.5943
-0.5927
-0.5926
-0.5917
-0.5926
-0.6053
-0.6073
-0.6053
-0.6104
-0.6081
-0.6073
-0.6058
-0.609
-0.6032
-0.5995
-0.6024
-0.602
-0.6012
-0.6017
-0.5957
-0.5976
-0.5947
-0.595
-0.5948
-0.6072
-0.602
-0.5975
-0.6024
-0.5986
-0.5991
-0.5954
-0.5964
-0.5985
-0.601
-0.6016
-0.5997
-0.5973
-0.5982
-0.5999
-0.601
-0.6005
-0.5973
-0.6037
-0.5991
-0.6004
-0.6021
-0.6014
-0.6039
-0.6051
-0.6025
-0.6009
-0.6038
-0.6031
-0.607
-0.6034
-0.6004
-0.6101
-0.6066
-0.607
-0.6039
-0.6072
-0.6007
-0.6047
-0.6039
-0.603
-0.6028
-0.606
-0.6032
-0.6038
-0.6039
-0.6031
-0.6045
-0.601
-0.6024
-0.6064
-0.602
-0.6003
-0.6065
-0.6025
-0.6001
-0.6054
-0.6034
-0.6045
-0.6017
-0.6026
-0.6067
-0.6067
-0.6032
-0.6018
-0.6062
-0.6033
-0.6044
-0.6026
-0.6015
-0.6042
-0.601
-0.6042
-0.6026
-0.6016
-0.601
-0.6026
-0.6044
-0.605
-0.6037
-0.6056
-0.6051
-0.5993
-0.6039
-0.6054
-0.6026
-0.6035
-0.6049
-0.6028
-0.6004
-0.6051
-0.6018
-0.6044
-0.6062
-0.6047
-0.6015
-0.6044
-0.5996
-0.6024
-0.6053
-0.6059
-0.6057
-0.6024
-0.6046
-0.6038
-0.603
-0.6043
-0.6058
-0.6021
-0.6014
-0.6016
-0.6017
-0.5998
-0.6043
-0.6019
-0.6061
-0.6117
-0.6056
-0.6155
-0.6202
-0.6092
-0.6037
-0.6051
-0.5995
-0.6004
-0.5976
-0.6041
-0.6028
-0.5982
-0.5963
-0.5979
-0.5844
-0.5949
-0.6029
-0.5986
-0.5918
-0.5733
-0.546
-0.536
-0.5527
-0.5428
-0.5584
-0.5658
-0.5597
-0.5596
-0.5585
-0.5497
-0.5462
-0.548
-0.5548
-0.5579
-0.5621
-0.5524
-0.5483
-0.5462
-0.5475
-0.5484
-0.5483
-0.5514
-0.552
-0.5514
-0.554
-0.5531
-0.5558
-0.5553
-0.5515
-0.5541
-0.5636
-0.5592
-0.5627
-0.5716
-0.5705
-0.566
-0.5853
-0.6542
-0.6497
-0.5678
-0.5661
-0.5705
-0.5755
-0.5726
-0.5774
-0.5768
-0.579
-0.5803
-0.5802
-0.5797
-0.5735
-0.575
-0.5932
-0.6624
-0.6559
-0.6433
-0.6458
-0.6502
-0.6369
-0.5981
-0.5865
-0.5793
-0.5921
-0.608
-0.6105
-0.6094
-0.5733
-0.558
-0.5633
-0.5689
-0.5779
-0.571
-0.583
-0.5916
-0.5896
-0.5931
-0.5924
-0.5978
-0.5959
-0.605
-0.616
-0.6081
-0.6092
-0.6202
-0.6216
-0.6344
-0.6581
-0.666
-0.667
-0.6587
-0.6563
-0.649
-0.6632
-0.6931
-0.6799
-0.657
-0.6472
-0.6481
-0.6535
-0.6549
-0.6729
-0.6719
-0.6876
-0.7025
-0.7129
-0.6963
-0.7069
-0.7087
-0.7153
-0.7165
-0.7332
-0.6917
-0.6744
-0.7018
-0.724
-0.7251
-0.6827
-0.6775
-0.7674
-0.6817
-0.6684
-0.6671
-0.6697
-0.7146
-0.1794
-0.7793
-0.6254
-0.6769
-0.7132
-0.7234
-0.6993
-0.5952
-0.5133
-0.7098
-0.6772
-0.6577
-0.7135
-0.6946
-0.6929
-0.6807
-0.6259
-0.6739
-0.6266
-0.6747
-0.7024
-0.6801
-0.6369
-0.6855
-0.6479
-0.6714
-0.6752
-0.5942
-0.6692
-0.51
-0.2746
-0.686
-0.6682
-0.346
-0.5998
-0.6787
-0.6715
-0.7057
-0.6684
-0.6903
-0.6711
-0.6629
-0.3504
-0.6311
-0.6759
-0.5479
-0.5728
-0.6429
-0.6754
-0.6093
-0.6675
-0.6004
-0.1794
-0.6693
-0.612
-0.6711
-0.6826
-0.6651
-0.5933
-0.6319
-0.6668
-0.6822
-0.6277
-0.6641
-0.7273
-0.6739
-0.6709
-0.6744
-0.6761
-0.6797
-0.6509
-0.6991
-0.6705
-0.6499
-0.6825
-0.6259
-0.6211
-0.5739
-0.6328
-0.1794
-0.1794
-0.6785
-0.5898
-0.6739
-0.6753
-0.6828
-0.5892
-0.526
-0.1794
-0.1794
-0.6693
-0.713
-0.6613
-0.5531
-0.6307
-0.6535
-0.3694
-0.6107
-0.6147
-0.5995
-0.5068
-0.5438
-0.5916
-0.4354
-0.5992
-0.5886
-0.5395
-0.6314
-0.4117
-0.4143
-0.5286
-0.551
-0.2284
-0.5153
-0.5078
-0.5024
-0.4868
-0.4971
-0.502
-0.5052
-0.5059
-0.4884
-0.4968
-0.4893
-0.5321
-0.5447
-0.5036
-0.5107
-0.5085
-0.5002
-0.523
-0.5085
-0.4951
-0.519
-0.5074
-0.5114
-0.5043
-0.507
-0.517
-0.515
-0.5243
-0.5186
-0.5478
-0.5272
-0.5354
-0.5152
-0.5714
-0.5229
-0.54
-0.5654
-0.5421
-0.6332
-0.5803
-0.541
-0.6296
-0.6603
-0.6809
-0.6413
-0.6694
-0.6714
-0.6823
-0.6697
-0.6758
-0.6966
-0.5205
-0.4936
-0.4885
-0.4837
-0.4784
-0.4793
-0.4767
-0.4708
-0.4713
-0.4793
-0.4954
-0.4963
-0.4986
-0.5013
-0.5005
-0.4937
-0.4886
-0.4851
-0.4762
-0.4728
-0.4781
-0.4832
-0.4825
-0.4823
-0.4803
-0.48
-0.4799
-0.4804
-0.485
-0.4847
-0.4867
-0.4858
-0.4859
-0.4854
-0.484
-0.4851
-0.4836
-0.4833
-0.485
-0.4856
-0.4832
-0.4859
-0.4837
-0.4837
-0.4817
-0.4796
-0.4793
-0.4773
-0.4676
-0.4653
-0.4637
-0.4628
-0.4737
-0.4732
-0.4962
-0.5349
-0.5606
-0.5556
-0.5587
-0.5785
-0.5799
-0.5846
-0.5786
-0.5741
-0.5602
-0.5378
-0.5057
-0.5108
-0.521
-0.5262
-0.5203
-0.5496
-0.5426
-0.5302
-0.4944
-0.4898
-0.4858
-0.4863
-0.5011
-0.5255
-0.5443
-0.5658
-0.5312
-0.549
-0.5844
-0.5887
-0.5714
-0.5592
-0.5747
-0.5986
-0.6097
-0.6124
-0.6184
-0.6297
-0.6482
-0.6628
-0.6328
-0.6189
-0.622
-0.6586
-0.6946
-0.7221
-0.6801
-0.6313
-0.643
-0.6975
-0.7518
-0.8241
-0.8031
-0.7984
-0.8898
-0.9151
-0.9387
-0.9443
-0.9486
-0.9764
-1.0834
-1.1548
-1.1761
-1.1911
-1.223
-1.2671
-1.2146
-1.0631
-0.9113
-0.8058
-0.7641
-0.691
-0.6662
-0.7227
-0.7478
-0.7605
-0.7649
-0.7977
-0.821
-0.7601
-0.6314
-0.6035
-0.5569
-0.5237
-0.5054
-0.4903
-0.4778
-0.5035
-0.5489
-0.5944
-0.6626
-0.739
-0.824
-0.8815
-0.9541
-1.0224
-1.0358
-1.0528
-1.0651
-1.1212
-1.1557
-1.1669
-1.1819
-1.1743
-1.1669
-1.1521
-1.0355
-0.826
-0.724
-0.7308
-0.7213
-0.6905
-0.7303
-0.8237
-0.9563
-1.1112
-1.252
-1.4065
-1.5296
-1.6336
-1.6795
-1.6922
-1.7139
-1.7319
-1.7285
-1.7371
-1.704
-1.6863
-1.67
-1.6278
-1.4901
-1.2773
-1.0675
-0.8904
-0.7628
-0.6414
-0.6195
-0.5941
-0.5772
-0.5732
-0.5733
-0.5638
-0.546
-0.5455
-0.5384
-0.5321
-0.5411
-0.5412
-0.5423
-0.5447
-0.5388
-0.5278
-0.5283
-0.5373
-0.5507
-0.5615
-0.5671
-0.5858
-0.595
-0.5993
-0.5822
-0.5902
-0.589
-0.5821
-0.5821
-0.5752
-0.5669
-0.5508
-0.5435
-0.5517
-0.555
-0.5219
-0.4978
-0.4922
-0.4952
-0.4922
-0.4981
-0.5058
-0.5107
-0.5116
-0.5148
-0.5099
-0.5053
-0.5017
-0.5077
-0.506
-0.5108
-0.5138
-0.5149
-0.5118
-0.5045
-0.4974
-0.496
-0.4916
-0.4888
-0.487
-0.4876
-0.4859
-0.4866
-0.4905
-0.4872
-0.4868
-0.4876
-0.4899
-0.502
-0.5064
-0.502
-0.486
-0.4876
-0.4817
-0.4847
-0.4818
-0.4898
-0.4806
-0.4821
-0.4833
-0.4864
-0.4829
-0.4829
-0.4853
-0.4848
-0.4836
-0.4856
-0.4844
-0.4829
-0.4839
-0.4848
-0.4847
-0.4869
-0.4832
-0.4835
-0.485
-0.4826
-0.4846
-0.4853
-0.4843
-0.4849
-0.484
-0.4821
-0.4818
-0.4825
-0.4819
-0.482
-0.4828
-0.4868
-0.485
-0.4839
-0.4845
-0.4855
-0.4867
-0.4867
-0.4822
-0.4833
-0.4839
-0.4903
-0.5129
-0.5108
-0.4952
-0.4923
-0.4917
-0.4928
-0.4933
-0.4916
-0.4919
-0.4937
-0.4911
-0.4899
-0.4909
-0.4922
-0.4892
-0.4907
-0.4908
-0.4901
-0.4928
-0.4919
-0.4911
-0.4898
-0.4885
-0.4926
-0.4923
-0.4887
-0.4906
-0.4897
-0.4915
-0.4948
-0.4926
-0.4946
-0.4894
-0.4971
-0.4941
-0.4937
-0.4968
-0.4922
-0.498
-0.499
-0.4985
-0.4977
-0.4961
-0.5025
-0.5025
-0.4977
-0.4992
-0.5022
-0.5013
-0.5
-0.5024
-0.502
-0.499
-0.5006
-0.5015
-0.5046
-0.4983
-0.5005
-0.5002
-0.4981
-0.4979
-0.4945
-0.4901
-0.4938
-0.4935
-0.4947
-0.4951
-0.494
-0.4923
-0.4906
-0.5299
-0.6695
-0.7154
-0.7419
-0.7013
-0.6824
-0.6745
-0.6653
-0.6474
-0.6072
-0.5473
-0.5102
-0.5135
-0.5365
-0.5345
-0.4997
-0.492
-0.491
-0.4928
-0.491
-0.4922
-0.4931
-0.4944
-0.4907
-0.4933
-0.4961
-0.4905
-0.4928
-0.49
-0.4946
-0.4908
-0.4895
-0.4904
-0.4889
-0.4895
-0.4911
-0.4861
-0.4879
-0.4918
-0.4898
-0.4898
-0.4892
-0.4909
-0.489
-0.4898
-0.4903
-0.49
-0.49
-0.4878
-0.4901
-0.4885
-0.4879
-0.4892
-0.4883
-0.4836
-0.4859
-0.4862
-0.4881
-0.4907
-0.486
-0.4856
-0.4901
-0.4914
-0.4951
-0.4974
-0.4981
-0.4926
-0.4868
-0.4921
-0.4909
-0.4937
-0.4907
-0.4957
-0.492
-0.4915
-0.4888
-0.4886
-0.4883
-0.4875
-0.4844
-0.4891
-0.4893
-0.492
-0.4893
-0.489
-0.4893
-0.4915
-0.4889
-0.49
-0.4906
-0.4889
-0.4885
-0.4902
-0.4886
-0.4905
-0.4914
-0.4972
-0.4955
-0.4921
-0.4856
-0.4843
-0.4862
-0.4895
-0.4873
-0.4882
-0.4885
-0.4884
-0.4828
-0.4854
-0.4854
-0.4863
-0.4858
-0.4879
-0.5058
-0.51
-0.5005
-0.4958
-0.4955
-0.4917
-0.4901
-0.4876
-0.4903
-0.4896
-0.4925
-0.4922
-0.4941
-0.4946
-0.4978
-0.498
-0.495
-0.496
-0.493
-0.4945
-0.4941
-0.4955
-0.4925
-0.4943
-0.4917
-0.4923
-0.4917
-0.4892
-0.4917
-0.4898
-0.4908
-0.4886
-0.4889
-0.4867
-0.4882
-0.4872
-0.4894
-0.4835
-0.4872
-0.4882
-0.4865
-0.4872
-0.4825
-0.484
-0.4834
-0.4842
-0.4923
-0.5005
-0.4972
-0.4977
-0.5022
-0.5096
-0.5119
-0.5139
-0.5208
-0.5237
-0.5246
-0.529
-0.5361
-0.5355
-0.5436
-0.5418
-0.5356
-0.5253
-0.5212
-0.5185
-0.5139
-0.5045
-0.5027
-0.4982
-0.4954
-0.4961
-0.4965
-0.4952
-0.495
-0.4939
-0.4997
-0.504
-0.5049
-0.5104
-0.5179
-0.5196
-0.5191
-0.521
-0.5182
-0.5144
-0.5043
-0.5009
-0.4919
-0.4889
-0.4819
-0.4822
-0.4815
-0.4828
-0.4836
-0.483
-0.4812
-0.4826
-0.4854
-0.4868
-0.4871
-0.4843
-0.4857
-0.4866
-0.4842
-0.4847
-0.4843
-0.4834
-0.4851
-0.4809
-0.4844
-0.4847
-0.4834
-0.4815
-0.4793
-0.4829
-0.4799
-0.4789
-0.4837
-0.4869
-0.4897
-0.4856
-0.4869
-0.4875
-0.4873
-0.4875
-0.4895
-0.4872
-0.4854
-0.4848
-0.4861
-0.4832
-0.4876
-0.4875
-0.4866
-0.484
-0.4857
-0.4861
-0.4837
-0.4848
-0.4861
-0.4878
-0.4879
-0.489
-0.4879
-0.4901
-0.49
-0.4898
-0.4862
-0.4923
-0.4872
-0.4888
-0.4854
-0.4859
-0.4851
-0.4864
-0.485
-0.4846
-0.4845
-0.4845
-0.485
-0.4839
-0.4822
-0.4848
-0.4873
-0.4851
-0.4842
-0.4825
-0.4804
-0.4811
-0.4823
-0.4792
-0.4818
-0.4804
-0.4808
-0.4809
-0.4811
-0.4785
-0.4786
-0.4779
-0.4794
-0.4802
-0.4777
-0.4806
-0.4831
-0.4804
-0.4807
-0.4798
-0.4804
-0.4792
-0.4802
-0.481
-0.4817
-0.4832
-0.4853
-0.4864
-0.4842
-0.4811
-0.4781
-0.4792
-0.4825
-0.4835
-0.4852
-0.4867
-0.488
-0.4823
-0.4863
-0.4866
-0.4914
-0.4914
-0.4915
-0.4893
-0.4901
-0.4878
-0.489
-0.4856
-0.4841
-0.4846
-0.4838
-0.4808
-0.4811
-0.483
-0.4803
-0.477
-0.4766
-0.4756
-0.4754
-0.4704
-0.4767
-0.475
-0.4725
-0.4674
-0.4698
-0.4687
-0.4744
-0.476
-0.4734
-0.471
-0.472
-0.4658
-0.4685
-0.4771
-0.4796
-0.4767
-0.4784
-0.4791
-0.4758
-0.4803
-0.4761
-0.4762
-0.4735
-0.4757
-0.4837
-0.5736
-0.5545
-0.552
-0.4895
-0.4837
-0.4814
-0.4803
-0.483
-0.4807
-0.4854
-0.4924
-0.4909
-0.4933
-0.4915
-0.4937
-0.492
-0.4967
-0.5114
-0.5356
-0.5605
-0.5945
-0.6509
-0.673
-0.5917
-0.5689
-0.5585
-0.5041
-0.4953
-0.4908
-0.5066
-0.5101
-0.5189
-0.5383
-0.5581
-0.5345
-0.5131
-0.5015
-0.5043
-0.508
-0.5211
-0.5423
-0.5666
-0.5948
-0.605
-0.5996
-0.5987
-0.5996
-0.6402
-0.6693
-0.6587
-0.6523
-0.6283
-0.6014
-0.5899
-0.5671
-0.5594
-0.5553
-0.5569
-0.5489
-0.5483
-0.5563
-0.5713
-0.5623
-0.55
-0.554
-0.5395
-0.5363
-0.5766
-0.5657
-0.5503
-0.5579
-0.5692
-0.6266
-0.7018
-0.7343
-0.6588
-0.5774
-0.5505
-0.5528
-0.5544
-0.5329
-0.5219
-0.5212
-0.5283
-0.5359
-0.5523
-0.5739
-0.5797
-0.5871
-0.5911
-0.5932
-0.5945
-0.589
-0.5855
-0.5873
-0.5882
-0.5825
-0.5896
-0.5916
-0.5975
-0.6001
-0.6053
-0.6112
-0.6151
-0.6219
-0.6268
-0.6281
-0.6261
-0.6192
-0.6136
-0.6021
-0.5878
-0.5706
-0.5437
-0.5368
-0.5389
-0.5439
-0.5462
-0.579
-0.5895
-0.5862
-0.5735
-0.5628
-0.5481
-0.5464
-0.5489
-0.5487
-0.5465
-0.5442
-0.5475
-0.5483
-0.5572
-0.5597
-0.5586
-0.5563
-0.5514
-0.5466
-0.5425
-0.5462
-0.5515
-0.555
-0.5578
-0.5474
-0.5456
-0.5523
-0.5575
-0.5627
-0.5647
-0.5666
-0.5632
-0.5684
-0.563
-0.5655
-0.5592
-0.5504
-0.5542
-0.557
-0.5575
-0.5596
-0.5557
-0.5551
-0.5556
-0.5596
-0.5555
-0.5594
-0.5689
-0.5832
-0.5936
-0.6057
-0.6084
-0.6095
-0.6159
-0.6147
-0.6149
-0.6202
-0.6261
-0.6261
-0.6197
-0.6137
-0.6145
-0.6141
-0.6193
-0.6218
-0.6172
-0.6147
-0.6127
-0.6102
-0.6104
-0.6094
-0.6125
-0.6093
-0.6112
-0.6136
-0.6134
-0.618
-0.6183
-0.6223
-0.6222
-0.6182
-0.6167
-0.6231
-0.6174
-0.6228
-0.6189
-0.6191
-0.6186
-0.6165
-0.6192
-0.6161
-0.6158
-0.6136
-0.6149
-0.612
-0.6155
-0.614
-0.6128
-0.6126
-0.6122
-0.6134
-0.6139
-0.6203
-0.6218
-0.6153
-0.6149
-0.6182
-0.6178
-0.6145
-0.6114
-0.61
-0.6138
-0.6135
-0.61
-0.6092
-0.6116
-0.6129
-0.6081
-0.6103
-0.6081
-0.6067
-0.6051
-0.6077
-0.6044
-0.6027
-0.6069
-0.6016
-0.6023
-0.6027
-0.6075
-0.6111
-0.6106
-0.6124
-0.61
-0.6065
-0.6017
-0.6024
-0.6025
-0.6004
-0.6015
-0.6005
-0.6006
-0.5993
-0.5985
-0.5963
-0.5953
-0.5953
-0.5967
-0.5955
-0.5944
-0.5935
-0.5927
-0.5924
-0.59
-0.5901
-0.5876
-0.5893
-0.5912
-0.5946
-0.5962
-0.5922
-0.5879
-0.5924
-0.5841
-0.5834
-0.5866
-0.5865
-0.586
-0.5894
-0.5832
-0.5805
-0.5813
-0.5817
-0.5804
-0.5794
-0.5791
-0.579
-0.579
-0.5758
-0.5783
-0.5738
-0.5721
-0.577
-0.5774
-0.5809
-0.5794
-0.5794
-0.5774
-0.5771
-0.5712
-0.5711
-0.576
-0.5764
-0.5713
-0.5717
-0.5683
-0.5671
-0.5666
-0.5662
-0.5665
-0.5644
-0.5634
-0.5645
-0.5663
-0.564
-0.5628
-0.5631
-0.5602
-0.5631
-0.5672
-0.5704
-0.5716
-0.5692
-0.5663
-0.5679
-0.5656
-0.5601
-0.5594
-0.5638
-0.5615
-0.5594
-0.5592
-0.5553
-0.5531
-0.5534
-0.5565
-0.5553
-0.5531
-0.5563
-0.5547
-0.5551
-0.5522
-0.55
-0.551
-0.5495
-0.55
-0.5561
-0.5581
-0.559
-0.5591
-0.5575
-0.5562
-0.5545
-0.5537
-0.5523
-0.553
-0.5536
-0.5533
-0.5501
-0.55
-0.5509
-0.5472
-0.5495
-0.547
-0.5453
-0.547
-0.5437
-0.5451
-0.5435
-0.5436
-0.5389
-0.5394
-0.5457
-0.5465
-0.5467
-0.5494
-0.5437
-0.5437
-0.5434
-0.5423
-0.5405
-0.5428
-0.5441
-0.5413
-0.5399
-0.5382
-0.5372
-0.5367
-0.5361
-0.5403
-0.5387
-0.5379
-0.5345
-0.5355
-0.5342
-0.5349
-0.5326
-0.5331
-0.5356
-0.5384
-0.5425
-0.5421
-0.5418
-0.5406
-0.5408
-0.5382
-0.5363
-0.5349
-0.5347
-0.5342
-0.5367
-0.5354
-0.5324
-0.5316
-0.5304
-0.5326
-0.5311
-0.5292
-0.5289
-0.5307
-0.5304
-0.5311
-0.5294
-0.529
-0.5268
-0.5276
-0.5332
-0.5335
-0.5364
-0.5354
-0.5354
-0.5316
-0.5331
-0.5306
-0.5324
-0.5309
-0.5303
-0.5329
-0.5327
-0.5295
-0.5316
-0.5284
-0.5303
-0.533
-0.527
-0.5291
-0.5274
-0.5279
-0.5267
-0.5303
-0.5268
-0.532
-0.531
-0.5324
-0.5333
-0.5344
-0.5351
-0.5308
-0.5282
-0.529
-0.5301
-0.5292
-0.5269
-0.5281
-0.5282
-0.5196
-0.5168
-0.5162
-0.516
-0.5199
-0.5156
-0.5198
-0.5161
-0.5182
-0.5152
-0.5176
-0.5206
-0.5211
-0.5205
-0.5254
-0.5232
-0.5182
-0.5229
-0.5155
-0.5192
-0.5199
-0.5201
-0.5216
-0.5183
-0.5218
-0.5231
-0.5162
-0.5182
-0.5171
-0.5169
-0.5133
-0.5163
-0.5188
-0.5168
-0.5176
-0.5168
-0.5222
-0.5243
-0.5233
-0.5242
-0.5236
-0.5225
-0.5238
-0.5193
-0.5182
-0.5203
-0.5214
-0.5151
-0.5214
-0.5184
-0.5156
-0.5169
-0.5185
-0.5128
-0.5163
-0.5133
-0.5159
-0.5136
-0.513
-0.5179
-0.5149
-0.5169
-0.5252
-0.5157
-0.5186
-0.5179
-0.5143
-0.5172
-0.5148
-0.5139
-0.5145
-0.5155
-0.5141
-0.5155
-0.5127
-0.51
-0.51
-0.509
-0.5094
-0.5077
-0.508
-0.5071
-0.5067
-0.5071
-0.5069
-0.5047
-0.5071
-0.5111
-0.5122
-0.5121
-0.5107
-0.5127
-0.5096
-0.5118
-0.5108
-0.5082
-0.5077
-0.5061
-0.5077
-0.5052
-0.5046
-0.5047
-0.5031
-0.5053
-0.5029
-0.5024
-0.5033
-0.4999
-0.5012
-0.5005
-0.4995
-0.4998
-0.4981
-0.5033
-0.5024
-0.5042
-0.5055
-0.5097
-0.5086
-0.5059
-0.5055
-0.5045
-0.5021
-0.5033
-0.5034
-0.5004
-0.5036
-0.502
-0.5003
-0.5013
-0.5017
-0.4987
-0.498
-0.4964
-0.5003
-0.498
-0.4997
-0.4969
-0.4926
-0.4989
-0.498
-0.4981
-0.5033
-0.506
-0.5066
-0.5035
-0.5037
-0.5018
-0.5026
-0.5007
-0.4988
-0.5022
-0.4967
-0.4986
-0.4971
-0.4963
-0.4997
-0.4977
-0.4943
-0.498
-0.4933
-0.495
-0.4958
-0.497
-0.4952
-0.4939
-0.4966
-0.494
-0.4989
-0.5035
-0.5044
-0.5039
-0.5012
-0.4944
-0.4813
-0.4696
-0.4621
-0.4506
-0.4458
-0.4431
-0.4397
-0.4384
-0.4348
-0.4323
-0.4229
-0.4186
-0.4168
-0.415
-0.4157
-0.4112
-0.4164
-0.4013
-0.3937
-0.3804
-0.3806
-0.3868
-0.3909
-0.3911
-0.3937
-0.3945
-0.3968
-0.3959
-0.39
-0.3866
-0.3865
-0.3857
-0.3847
-0.3795
-0.3644
-0.3565
-0.3561
-0.3611
-0.3761
-0.3755
-0.371
-0.3634
-0.3652
-0.3712
-0.3733
-0.373
-0.3733
-0.3733
-0.3719
-0.3719
-0.3817
-0.3869
-0.3939
-0.4033
-0.414
-0.417
-0.4126
-0.406
-0.4099
-0.4064
-0.4084
-0.4079
-0.4071
-0.4079
-0.4076
-0.406
-0.4029
-0.3983
-0.3943
-0.3979
-0.4036
-0.4017
-0.4013
-0.3913
-0.3827
-0.3825
-0.3847
-0.3918
-0.4057
-0.4098
-0.4032
-0.4032
-0.4106
-0.4176
-0.4141
-0.4079
-0.4121
-0.41
-0.4125
-0.4146
-0.4059
-0.4102
-0.4238
-0.4219
-0.4322
-0.4416
-0.4309
-0.4219
-0.4285
-0.4211
-0.4218
-0.4197
-0.4159
-0.4068
-0.3962
-0.382
-0.3665
-0.3662
-0.3664
-0.3696
-0.3703
-0.3684
-0.3674
-0.3714
-0.3749
-0.3728
-0.3763
-0.3775
-0.3808
-0.374
-0.3744
-0.3747
-0.3771
-0.3768
-0.3742
-0.3702
-0.3722
-0.3698
-0.3744
-0.368
-0.3694
-0.3708
-0.3772
-0.3867
-0.4056
-0.4074
-0.4115
-0.4079
-0.3902
-0.3835
-0.3811
-0.3765
-0.3594
-0.331
-0.3231
-0.3269
-0.3221
-0.3275
-0.3321
-0.3255
-0.321
-0.3222
-0.3239
-0.3264
-0.33
-0.3258
-0.3285
-0.3258
-0.3279
-0.3263
-0.3228
-0.3224
-0.3214
-0.3189
-0.3188
-0.3184
-0.3224
-0.3186
-0.3173
-0.3301
-0.3348
-0.3443
-0.3473
-0.3542
-0.352
-0.3414
-0.3354
-0.3297
-0.3221
-0.3189
-0.3175
-0.3172
-0.3175
-0.3153
-0.3174
-0.3177
-0.32
-0.3157
-0.3157
-0.3205
-0.3155
-0.3177
-0.3184
-0.32
-0.3194
-0.3208
-0.3201
-0.3191
-0.3166
-0.3137
-0.3162
-0.3106
-0.3127
-0.3174
-0.317
-0.3122
-0.312
-0.3113
-0.3106
-0.3155
-0.3143
-0.3117
-0.3154
-0.3129
-0.3124
-0.313
-0.3152
-0.3322
-0.3639
-0.3777
-0.3866
-0.3933
-0.3912
-0.3916
-0.3922
-0.3879
-0.3857
-0.3745
-0.3641
-0.3627
-0.367
-0.3811
-0.3885
-0.3888
-0.3893
-0.3879
-0.386
-0.3896
-0.3778
-0.3374
-0.3442
-0.323
-0.3296
-0.349
-0.3476
-0.3488
-0.3847
-0.3792
-0.3579
-0.346
-0.3441
-0.347
-0.3556
-0.3614
-0.3695
-0.3677
-0.3718
-0.3712
-0.3775
-0.3844
-0.3953
-0.4048
-0.4069
-0.3855
-0.3531
-0.3529
-0.3472
-0.3611
-0.3961
-0.4099
-0.4272
-0.4442
-0.4517
-0.4541
-0.4616
-0.4611
-0.4593
-0.4641
-0.471
-0.4745
-0.4785
-0.4789
-0.4765
-0.4798
-0.481
-0.4872
-0.4876
-0.4964
-0.5041
-0.5095
-0.5086
-0.5064
-0.5113
-0.5193
-0.5215
-0.5183
-0.5166
-0.5105
-0.5091
-0.5111
-0.5147
-0.5105
-0.5052
-0.5022
-0.5068
-0.5092
-0.5169
-0.5183
-0.5226
-0.5179
-0.5223
-0.5174
-0.519
-0.517
-0.5179
-0.5144
-0.5159
-0.5141
-0.5155
-0.5102
-0.511
-0.5112
-0.5072
-0.505
-0.5038
-0.5057
-0.5078
-0.505
-0.5034
-0.5024
-0.5019
-0.5022
-0.5043
-0.5038
-0.5093
-0.5048
-0.5034
-0.5023
-0.4996
-0.5022
-0.497
-0.4994
-0.5022
-0.4991
-0.4985
-0.501
-0.4988
-0.4972
-0.4961
-0.4945
-0.4955
-0.4964
-0.4953
-0.4964
-0.4949
-0.4928
-0.4944
-0.4938
-0.497
-0.4978
-0.4972
-0.4977
-0.4964
-0.4952
-0.4945
-0.4951
-0.4945
-0.4984
-0.4944
-0.4971
-0.4969
-0.4952
-0.4952
-0.4911
-0.4912
-0.4952
-0.492
-0.492
-0.4934
-0.4926
-0.4926
-0.49
-0.4912
-0.4887
-0.4905
-0.494
-0.4969
-0.4988
-0.4995
-0.4984
-0.497
-0.4966
-0.4973
-0.4933
-0.4903
-0.4831
-0.4825
-0.4789
-0.4765
-0.4693
-0.4635
-0.4627
-0.4638
-0.4638
-0.4597
-0.4589
-0.4572
-0.4587
-0.4571
-0.4562
-0.4591
-0.4582
-0.4577
-0.458
-0.4654
-0.4666
-0.4666
-0.466
-0.4667
-0.4643
-0.4619
-0.4635
-0.4652
-0.4649
-0.4642
-0.4637
-0.4628
-0.4662
-0.4627
-0.4648
-0.4638
-0.4662
-0.4629
-0.4645
-0.4638
-0.4629
-0.4634
-0.4637
-0.4608
-0.4624
-0.4637
-0.4686
-0.4712
-0.4738
-0.471
-0.4695
-0.4675
-0.4702
-0.4695
-0.4642
-0.4649
-0.467
-0.4695
-0.4676
-0.4682
-0.4678
-0.4649
-0.4676
-0.4662
-0.4645
-0.4673
-0.4627
-0.4625
-0.4634
-0.4628
-0.4613
-0.4602
-0.4631
-0.4647
-0.4685
-0.4696
-0.4679
-0.4652
-0.4671
-0.4659
-0.4671
-0.4651
-0.463
-0.4638
-0.4659
-0.462
-0.4626
-0.4621
-0.4604
-0.4615
-0.4604
-0.458
-0.4621
-0.4603
-0.463
-0.4551
-0.4619
-0.4577
-0.4583
-0.4569
-0.4583
-0.461
-0.4664
-0.4671
-0.4684
-0.4682
-0.4663
-0.4678
-0.4645
-0.4641
-0.4653
-0.467
-0.4629
-0.4688
-0.4646
-0.4696
-0.4673
-0.466
-0.4677
-0.4659
-0.4664
-0.4659
-0.4663
-0.4654
-0.4676
-0.4688
-0.4645
-0.4654
-0.4615
-0.4645
-0.4697
-0.4701
-0.4703
-0.4721
-0.4724
-0.471
-0.4693
-0.4707
-0.4704
-0.4707
-0.4695
-0.4706
-0.4716
-0.4668
-0.4663
-0.4684
-0.4674
-0.4646
-0.4681
-0.4665
-0.4631
-0.4652
-0.4649
-0.4665
-0.4651
-0.462
-0.4623
-0.4605
-0.4663
-0.4707
-0.471
-0.4726
-0.469
-0.4682
-0.4713
-0.4693
-0.4703
-0.4677
-0.4695
-0.469
-0.4713
-0.4684
-0.468
-0.4708
-0.4695
-0.469
-0.466
-0.4678
-0.4673
-0.4668
-0.4668
-0.466
-0.4668
-0.4675
-0.4654
-0.4692
-0.4753
-0.4717
-0.4768
-0.4751
-0.4717
-0.472
-0.4718
-0.4688
-0.4711
-0.4742
-0.4708
-0.4702
-0.4713
-0.4676
-0.4677
-0.4682
-0.4713
-0.4665
-0.4648
-0.468
-0.4683
-0.4675
-0.4659
-0.4685
-0.4668
-0.467
-0.474
-0.4764
-0.4789
-0.4756
-0.4777
-0.4792
-0.4781
-0.4787
-0.4788
-0.4805
-0.4756
-0.4815
-0.4794
-0.4767
-0.4753
-0.4776
-0.4703
-0.4696
-0.4717
-0.4702
-0.4718
-0.466
-0.4702
-0.4707
-0.4641
-0.4685
-0.465
-0.465
-0.4702
-0.4748
-0.4756
-0.4743
-0.4721
-0.4746
-0.4752
-0.4712
-0.4704
-0.4714
-0.4709
-0.4673
-0.468
-0.4694
-0.4657
-0.4654
-0.4659
-0.4652
-0.4657
-0.4652
-0.4641
-0.4643
-0.4634
-0.4647
-0.4655
-0.462
-0.4629
-0.4692
-0.4715
-0.4739
-0.4743
-0.4723
-0.4687
-0.4695
-0.4699
-0.4654
-0.4636
-0.468
-0.4685
-0.4676
-0.4666
-0.4678
-0.4672
-0.4686
-0.4663
-0.4671
-0.4655
-0.4663
-0.4681
-0.4649
-0.4625
-0.4652
-0.4614
-0.462
-0.4613
-0.4658
-0.4732
-0.474
-0.4714
-0.4762
-0.4717
-0.4728
-0.4706
-0.4709
-0.4693
-0.4702
-0.4699
-0.4701
-0.4708
-0.4698
-0.4687
-0.467
-0.4681
-0.4681
-0.4685
-0.4671
-0.4668
-0.465
-0.4621
-0.4629
-0.4641
-0.4643
-0.4628
-0.4706
-0.4723
-0.4734
-0.4696
-0.467
-0.4685
-0.4717
-0.4661
-0.4643
-0.4659
-0.4698
-0.4686
-0.4651
-0.4651
-0.4648
-0.4598
-0.4632
-0.4615
-0.4621
-0.463
-0.4585
-0.4629
-0.4607
-0.4609
-0.4608
-0.4582
-0.4573
-0.463
-0.4673
-0.4707
-0.4675
-0.4657
-0.4665
-0.4631
-0.4652
-0.4642
-0.4628
-0.4623
-0.4665
-0.463
-0.4638
-0.4603
-0.4622
-0.4629
-0.4597
-0.4598
-0.4601
-0.4571
-0.4543
-0.4554
-0.4572
-0.4552
-0.4543
-0.4544
-0.4526
-0.4567
-0.4583
-0.4638
-0.4646
-0.4637
-0.4642
-0.4589
-0.4619
-0.4587
-0.4597
-0.4611
-0.4596
-0.4583
-0.4612
-0.455
-0.4561
-0.4542
-0.4541
-0.4548
-0.4539
-0.453
-0.4517
-0.454
-0.4507
-0.4516
-0.4527
-0.4525
-0.4529
-0.4559
-0.4598
-0.4604
-0.4555
-0.4555
-0.4545
-0.4565
-0.4527
-0.4527
-0.4536
-0.4522
-0.4506
-0.4502
-0.4502
-0.4468
-0.449
-0.4488
-0.4453
-0.4474
-0.4469
-0.445
-0.4413
-0.4427
-0.445
-0.4438
-0.4414
-0.4419
-0.4519
-0.4525
-0.453
-0.4554
-0.4536
-0.4528
-0.4529
-0.4518
-0.4489
-0.449
-0.4484
-0.4484
-0.4504
-0.4518
-0.4475
-0.4447
-0.4441
-0.4457
-0.4487
-0.4468
-0.4447
-0.4463
-0.4512
-0.4469
-0.4478
-0.4462
-0.4449
-0.4477
-0.4465
-0.4555
-0.4572
-0.4599
-0.4608
-0.4604
-0.4548
-0.4551
-0.4612
-0.4564
-0.4577
-0.4555
-0.4574
-0.4579
-0.4566
-0.4566
-0.4568
-0.4575
-0.4557
-0.4541
-0.4551
-0.4521
-0.4527
-0.4547
-0.4524
-0.45
-0.4516
-0.4533
-0.459
-0.4601
-0.4595
-0.4589
-0.4593
-0.4598
-0.4579
-0.4576
-0.4555
-0.4576
-0.4572
-0.4592
-0.4612
-0.4568
-0.4563
-0.4527
-0.4574
-0.4544
-0.4548
-0.4536
-0.4541
-0.4552
-0.4533
-0.4519
-0.453
-0.4519
-0.4503
-0.4533
-0.4608
-0.4613
-0.4635
-0.4634
-0.464
-0.4665
-0.4608
-0.4624
-0.4598
-0.4599
-0.4602
-0.4615
-0.4626
-0.4574
-0.4572
-0.4566
-0.4579
-0.4535
-0.4544
-0.4564
-0.4564
-0.4556
-0.4545
-0.4544
-0.4557
-0.4573
-0.4561
-0.457
-0.4593
-0.4609
-0.4633
-0.4668
-0.4668
-0.465
-0.4612
-0.4498
-0.4284
-0.3877
-0.3463
-0.2909
-0.2835
-0.2858
-0.2817
-0.2799
-0.2767
-0.2793
-0.2774
-0.2799
-0.2773
-0.2771
-0.2743
-0.2873
-0.3205
-0.3379
-0.3426
-0.347
-0.3646
-0.3684
-0.369
-0.3575
-0.3322
-0.2995
-0.2787
-0.281
-0.2823
-0.279
-0.2808
-0.2785
-0.2818
-0.2759
-0.2739
-0.2748
-0.2749
-0.2724
-0.303
-0.3725
-0.49
-0.6372
-0.5858
-0.466
-0.5037
-0.3361
-0.2954
-0.2802
-0.2801
-0.2782
-0.2748
-0.281
-0.2799
-0.2727
-0.2686
-0.2701
-0.2739
-0.2708
-0.2728
-0.2707
-0.2721
-0.2665
-0.2696
-0.2751
-0.273
-0.2732
-0.2741
-0.2778
-0.2734
-0.2758
-0.2754
-0.2765
-0.2772
-0.2779
-0.2766
-0.2782
-0.2802
-0.2802
-0.2852
-0.2853
-0.2817
-0.2848
-0.2896
-0.2916
-0.2937
-0.2923
-0.2918
-0.2901
-0.2906
-0.2871
-0.2887
-0.2894
-0.2865
-0.2877
-0.2867
-0.2858
-0.287
-0.2859
-0.2863
-0.2865
-0.2864
-0.287
-0.2877
-0.2882
-0.2871
-0.287
-0.2876
-0.2866
-0.2854
-0.2899
-0.2901
-0.2874
-0.2868
-0.2876
-0.2895
-0.2868
-0.2899
-0.2852
-0.2896
-0.29
-0.2868
-0.2902
-0.2886
-0.2871
-0.292
-0.2848
-0.2868
-0.2884
-0.2891
-0.2939
-0.2893
-0.2905
-0.2876
-0.2898
-0.2907
-0.2906
-0.2879
-0.2904
-0.2872
-0.292
-0.2874
-0.2918
-0.2896
-0.2889
-0.29
-0.291
-0.2908
-0.2925
-0.292
-0.2929
-0.2932
-0.2926
-0.2925
-0.2868
-0.2953
-0.2921
-0.2939
-0.2933
-0.2948
-0.2914
-0.2957
-0.2947
-0.2954
-0.294
-0.2968
-0.2944
-0.2986
-0.2954
-0.3
-0.3022
-0.2986
-0.2997
-0.2988
-0.3001
-0.2981
-0.3
-0.2986
-0.3014
-0.302
-0.2997
-0.2992
-0.2997
-0.3008
-0.3001
-0.2993
-0.3003
-0.2999
-0.2947
-0.2993
-0.2976
-0.2984
-0.299
-0.2998
-0.299
-0.3004
-0.2978
-0.3004
-0.3008
-0.2991
-0.3001
-0.2983
-0.3025
-0.3011
-0.3006
-0.3039
-0.302
-0.3022
-0.3009
-0.301
-0.3026
-0.2995
-0.299
-0.3025
-0.3026
-0.3008
-0.3005
-0.3028
-0.3031
-0.3037
-0.3028
-0.3003
-0.3021
-0.3003
-0.3051
-0.3041
-0.3023
-0.3005
-0.3006
-0.303
-0.3012
-0.3012
-0.3035
-0.3
-0.2975
-0.3028
-0.2997
-0.3017
-0.3035
-0.3019
-0.3036
-0.3003
-0.3008
-0.3047
-0.3046
-0.3089
-0.3051
-0.3047
-0.306
-0.3064
-0.305
-0.3065
-0.3077
-0.3056
-0.3061
-0.303
-0.3059
-0.3056
-0.3069
-0.3044
-0.3092
-0.3055
-0.3061
-0.3026
-0.3067
-0.3048
-0.3066
-0.3075
-0.3045
-0.3063
-0.305
-0.3059
-0.3086
-0.3052
-0.3062
-0.305
-0.3085
-0.3049
-0.305
-0.307
-0.3053
-0.3051
-0.303
-0.3052
-0.3063
-0.3044
-0.3059
-0.3031
-0.3092
-0.3056
-0.3065
-0.3064
-0.3036
-0.3022
-0.3067
-0.3038
-0.3005
-0.3035
-0.3047
-0.3008
-0.3014
-0.3064
-0.3033
-0.3041
-0.304
-0.3012
-0.3027
-0.3019
-0.3025
-0.3051
-0.3021
-0.304
-0.2994
-0.3041
-0.3028
-0.2984
-0.3029
-0.3004
-0.3007
-0.3014
-0.304
-0.3019
-0.3027
-0.3015
-0.2998
-0.3051
-0.3003
-0.2995
-0.3019
-0.3001
-0.3044
-0.2987
-0.3032
-0.3037
-0.3048
-0.3009
-0.3022
-0.3016
-0.3004
-0.3009
-0.3001
-0.3012
-0.3031
-0.2992
-0.3045
-0.3054
-0.303
-0.304
-0.307
-0.3022
-0.3035
-0.3022
-0.3033
-0.3033
-0.3047
-0.3048
-0.3044
-0.3061
-0.3042
-0.3042
-0.3044
-0.3031
-0.306
-0.3035
-0.3045
-0.3064
-0.3044
-0.3012
-0.3041
-0.3038
-0.302
-0.3071
-0.2978
-0.3008
-0.3046
-0.3037
-0.3031
-0.3063
-0.2983
-0.3051
-0.3045
-0.3008
-0.3022
-0.3041
-0.3046
-0.304
-0.3014
-0.3016
-0.3016
-0.3035
-0.3008
-0.3031
-0.3026
-0.3031
-0.3046
-0.3036
-0.3014
-0.3017
-0.3028
-0.3035
-0.3045
-0.3015
-0.3045
-0.3015
-0.3021
-0.3005
-0.3005
-0.301
-0.3025
-0.3015
-0.2989
-0.304
-0.2996
-0.3021
-0.3029
-0.3041
-0.3017
-0.3017
-0.3015
-0.3011
-0.303
-0.3019
-0.2996
-0.2988
-0.3001
-0.3011
-0.3029
-0.3003
-0.304
-0.3009
-0.2991
-0.3003
-0.3011
-0.3012
-0.3003
-0.303
-0.3023
-0.2993
-0.3029
-0.2995
-0.2986
-0.3012
-0.3031
-0.3015
-0.2982
-0.3026
-0.3014
-0.2999
-0.2991
-0.2984
-0.3014
-0.3007
-0.301
-0.3035
-0.3011
-0.2976
-0.3007
-0.3011
-0.3023
-0.3009
-0.3006
-0.3
-0.3032
-0.3035
-0.3031
-0.3001
-0.2987
-0.3042
-0.3004
-0.302
-0.3027
-0.3034
