-0.4343
-0.4332
-0.4329
-0.4305
-0.4304
-0.4318
-0.4338
-0.4346
-0.4297
-0.4319
-0.4318
-0.433
-0.433
-0.4316
-0.433
-0.4291
-0.4352
-0.4327
-0.4324
-0.431
-0.433
-0.4301
-0.4325
-0.4283
-0.4308
-0.4348
-0.4303
-0.4315
-0.4338
-0.4307
-0.4307
-0.43
-0.4317
-0.436
-0.4329
-0.4365
-0.435
-0.4363
-0.4335
-0.434
-0.4335
-0.4335
-0.433
-0.4336
-0.4355
-0.4356
-0.4332
-0.4355
-0.4341
-0.4341
-0.4324
-0.4361
-0.4338
-0.4351
-0.4337
-0.432
-0.4321
-0.4329
-0.432
-0.4354
-0.4333
-0.4354
-0.4344
-0.4348
-0.4344
-0.435
-0.4335
-0.4329
-0.4356
-0.4341
-0.4346
-0.4343
-0.4322
-0.4334
-0.4363
-0.4337
-0.4358
-0.4336
-0.4367
-0.4336
-0.4349
-0.4365
-0.4348
-0.4353
-0.4318
-0.4354
-0.4345
-0.4345
-0.4341
-0.4349
-0.434
-0.4341
-0.4338
-0.434
-0.4344
-0.4341
-0.438
-0.4331
-0.4336
-0.4325
-0.4327
-0.4352
-0.4347
-0.436
-0.4333
-0.4347
-0.4383
-0.4343
-0.437
-0.4338
-0.4346
-0.4341
-0.4335
-0.4332
-0.4351
-0.4354
-0.4358
-0.4365
-0.4343
-0.4366
-0.4352
-0.4335
-0.4343
-0.4315
-0.437
-0.4339
-0.4393
-0.4369
-0.4321
-0.4353
-0.4384
-0.4357
-0.4346
-0.4335
-0.4364
-0.4355
-0.4388
-0.4365
-0.4325
-0.4343
-0.4352
-0.4375
-0.4363
-0.438
-0.4346
-0.4366
-0.4368
-0.4343
-0.4339
-0.4358
-0.4326
-0.4355
-0.4358
-0.4355
-0.4354
-0.4343
-0.4354
-0.4347
-0.4336
-0.4333
-0.4366
-0.4351
-0.4339
-0.4371
-0.4338
-0.4341
-0.4331
-0.4362
-0.4354
-0.4343
-0.4364
-0.4345
-0.4379
-0.4336
-0.4372
-0.4351
-0.4354
-0.4374
-0.4378
-0.4354
-0.4343
-0.4363
-0.4344
-0.4347
-0.4367
-0.4384
-0.4349
-0.4386
-0.4379
-0.435
-0.439
-0.436
-0.4382
-0.4377
-0.4394
-0.4373
-0.4369
-0.4359
-0.4372
-0.4394
-0.4382
-0.4363
-0.4335
-0.4336
-0.4382
-0.4341
-0.4394
-0.4383
-0.4335
-0.438
-0.4347
-0.4362
-0.436
-0.4337
-0.4383
-0.4367
-0.4343
-0.4349
-0.4372
-0.4369
-0.4362
-0.4382
-0.4369
-0.4354
-0.4345
-0.4374
-0.4356
-0.4352
-0.4351
-0.4353
-0.4365
-0.4338
-0.4366
-0.4388
-0.439
-0.435
-0.4363
-0.4342
-0.4373
-0.4363
-0.4349
-0.4368
-0.4354
-0.4387
-0.4357
-0.4346
-0.4347
-0.4381
-0.4382
-0.4355
-0.4387
-0.4356
-0.4378
-0.4355
-0.4382
-0.4383
-0.4364
-0.4357
-0.4366
-0.4369
-0.438
-0.4376
-0.4359
-0.4376
-0.4352
-0.4366
-0.4359
-0.4361
-0.4357
-0.4398
-0.4374
-0.4385
-0.4363
-0.4376
-0.4394
-0.4372
-0.4367
-0.4348
-0.437
-0.4358
-0.435
-0.436
-0.4372
-0.4341
-0.4353
-0.4376
-0.4358
-0.4382
-0.4349
-0.4387
-0.4351
-0.4375
-0.4387
-0.4362
-0.4377
-0.4365
-0.4376
-0.438
-0.4368
-0.436
-0.4373
-0.4366
-0.4358
-0.4396
-0.4396
-0.4363
-0.4359
-0.436
-0.4355
-0.438
-0.4382
-0.4376
-0.435
-0.439
-0.4377
-0.4366
-0.4385
-0.439
-0.4369
-0.4394
-0.4376
-0.4379
-0.4359
-0.4374
-0.4378
-0.438
-0.4373
-0.4394
-0.4367
-0.4369
-0.4398
-0.4381
-0.4379
-0.4399
-0.4364
-0.4388
-0.4379
-0.4401
-0.4387
-0.4401
-0.4342
-0.4383
-0.4382
-0.4378
-0.4376
-0.437
-0.4377
-0.4357
-0.4373
-0.4391
-0.4376
-0.436
-0.4358
-0.4394
-0.4396
-0.4382
-0.4365
-0.4382
-0.4396
-0.4379
-0.4374
-0.438
-0.4401
-0.439
-0.4387
-0.4354
-0.4385
-0.4371
-0.4334
-0.4398
-0.4361
-0.4365
-0.4376
-0.4388
-0.4383
-0.4391
-0.4374
-0.4358
-0.4378
-0.4377
-0.4374
-0.4369
-0.4376
-0.4398
-0.4373
-0.4415
-0.4374
-0.4393
-0.4379
-0.4386
-0.4383
-0.4396
-0.4365
-0.4388
-0.4377
-0.4379
-0.4367
-0.438
-0.4388
-0.4394
-0.4366
-0.4416
-0.4389
-0.439
-0.4388
-0.4396
-0.4376
-0.4397
-0.4391
-0.4382
-0.4377
-0.4382
-0.4366
-0.4396
-0.4402
-0.4394
-0.4384
-0.439
-0.44
-0.4399
-0.4368
-0.4391
-0.4408
-0.4367
-0.4376
-0.4373
-0.44
-0.4385
-0.4342
-0.4375
-0.4381
-0.4399
-0.437
-0.439
-0.4411
-0.4382
-0.4377
-0.4384
-0.4385
-0.4402
-0.438
-0.4374
-0.4384
-0.4426
-0.4403
-0.4387
-0.4394
-0.4387
-0.4405
-0.441
-0.4398
-0.4376
-0.4396
-0.4398
-0.4388
-0.4376
-0.4387
-0.4385
-0.4396
-0.4402
-0.4374
-0.4406
-0.4382
-0.4382
-0.4411
-0.4394
-0.4393
-0.4374
-0.4413
-0.4393
-0.438
-0.438
-0.4376
-0.4416
-0.4411
-0.4386
-0.4409
-0.4385
-0.4423
-0.4379
-0.4391
-0.4385
-0.4362
-0.4418
-0.4377
-0.4387
-0.4398
-0.4401
-0.4385
-0.441
-0.4394
-0.4397
-0.4392
-0.4376
-0.4412
-0.4387
-0.4388
-0.4395
-0.4366
-0.4393
-0.4426
-0.4395
-0.4394
-0.4393
-0.44
-0.4424
-0.4394
-0.44
-0.4387
-0.4404
-0.4399
-0.4409
-0.4406
-0.4401
-0.4401
-0.4396
-0.4404
-0.4387
-0.4366
-0.4401
-0.4389
-0.4396
-0.4424
-0.4399
-0.4421
-0.4379
-0.4405
-0.4401
-0.4393
-0.4415
-0.4394
-0.4414
-0.4378
-0.4389
-0.4421
-0.4382
-0.4402
-0.4412
-0.443
-0.4385
-0.4391
-0.4378
-0.4406
-0.4407
-0.4388
-0.4393
-0.4412
-0.441
-0.4386
-0.4382
-0.4408
-0.4408
-0.4404
-0.4394
-0.4421
-0.4379
-0.4391
-0.4399
-0.4413
-0.4394
-0.4424
-0.438
-0.442
-0.439
-0.4399
-0.4399
-0.4393
-0.4387
-0.4372
-0.4403
-0.4424
-0.4405
-0.4399
-0.4429
-0.4411
-0.4393
-0.442
-0.4409
-0.4406
-0.4407
-0.4388
-0.4415
-0.4405
-0.4398
-0.4424
-0.4383
-0.4393
-0.4411
-0.4393
-0.4394
-0.4398
-0.4389
-0.4398
-0.4408
-0.4432
-0.4394
-0.4389
-0.4432
-0.4413
-0.4391
-0.4416
-0.4413
-0.4386
-0.4423
-0.4421
-0.4402
-0.4399
-0.4416
-0.4412
-0.441
-0.4416
-0.4422
-0.4427
-0.4396
-0.4416
-0.4413
-0.4407
-0.4417
-0.4445
-0.4441
-0.4397
-0.4385
-0.4435
-0.4429
-0.4413
-0.4405
-0.4457
-0.4409
-0.4403
-0.4423
-0.4418
-0.4407
-0.442
-0.4401
-0.4414
-0.441
-0.4411
-0.4428
-0.4408
-0.4424
-0.443
-0.4433
-0.4407
-0.4387
-0.4424
-0.4423
-0.4421
-0.443
-0.4421
-0.4422
-0.4437
-0.4415
-0.4436
-0.4432
-0.4419
-0.4402
-0.4429
-0.4414
-0.44
-0.4421
-0.4455
-0.4441
-0.4445
-0.4446
-0.4416
-0.4412
-0.4437
-0.4433
-0.4442
-0.4433
-0.4436
-0.4418
-0.4402
-0.4437
-0.4432
-0.4444
-0.4416
-0.4498
-0.469
-0.4458
-0.4444
-0.4458
-0.4449
-0.4434
-0.4448
-0.4543
-0.4687
-0.5
-0.5339
-0.556
-0.5096
-0.4939
-0.4768
-0.4711
-0.4742
-0.4946
-0.5318
-0.5399
-0.5362
-0.5231
-0.5075
-0.5129
-0.498
-0.4827
-0.4756
-0.4767
-0.4691
-0.4575
-0.4496
-0.4434
-0.4432
-0.4471
-0.4433
-0.4429
-0.4454
-0.4466
-0.4468
-0.4467
-0.4431
-0.4459
-0.4455
-0.4443
-0.4405
-0.4393
-0.4416
-0.4393
-0.439
-0.4383
-0.4369
-0.4394
-0.4374
-0.4354
-0.4365
-0.4379
-0.437
-0.4371
-0.4393
-0.4363
-0.4384
-0.4369
-0.4363
-0.4346
-0.4306
-0.4358
-0.4335
-0.4282
-0.4196
-0.407
-0.4106
-0.4161
-0.4182
-0.4203
-0.4177
-0.4217
-0.4232
-0.4086
-0.386
-0.3704
-0.3703
-0.3811
-0.3876
-0.3918
-0.3994
-0.4209
-0.4222
-0.4384
-0.438
-0.4402
-0.44
-0.443
-0.4362
-0.439
-0.4366
-0.4371
-0.4304
-0.4303
-0.431
-0.4339
-0.4322
-0.4339
-0.4327
-0.4319
-0.4298
-0.433
-0.4302
-0.4315
-0.4326
-0.434
-0.4327
-0.4325
-0.4294
-0.4272
-0.4295
-0.4308
-0.4322
-0.4321
-0.4307
-0.4304
-0.4281
-0.4321
-0.4311
-0.4308
-0.429
-0.4305
-0.4292
-0.4304
-0.4339
-0.4344
-0.4332
-0.433
-0.4401
-0.4413
-0.4416
-0.4363
-0.4407
-0.4347
-0.4314
-0.4324
-0.4333
-0.4307
-0.4326
-0.4338
-0.4329
-0.4321
-0.4308
-0.431
-0.4329
-0.4327
-0.4339
-0.4347
-0.4388
-0.4393
-0.4377
-0.4388
-0.4368
-0.4354
-0.4363
-0.4338
-0.4348
-0.4491
-0.4551
-0.4546
-0.4598
-0.4692
-0.4757
-0.4755
-0.4813
-0.4856
-0.4752
-0.4699
-0.4532
-0.4512
-0.4568
-0.4697
-0.4748
-0.4822
-0.4827
-0.4882
-0.477
-0.4586
-0.4489
-0.4419
-0.438
-0.4382
-0.4408
-0.4361
-0.4332
-0.4309
-0.4322
-0.4333
-0.4354
-0.435
-0.4365
-0.4405
-0.4353
-0.431
-0.4316
-0.4286
-0.4294
-0.4294
-0.428
-0.4328
-0.4311
-0.4308
-0.4295
-0.4286
-0.4286
-0.4295
-0.4316
-0.4297
-0.4336
-0.4326
-0.432
-0.4319
-0.4303
-0.4313
-0.4336
-0.4309
-0.4345
-0.4357
-0.4424
-0.4617
-0.4672
-0.4684
-0.4744
-0.4786
-0.4831
-0.4988
-0.5212
-0.5324
-0.533
-0.5399
-0.5553
-0.5702
-0.5951
-0.6215
-0.6307
-0.667
-0.689
-0.6866
-0.6967
-0.6991
-0.7069
-0.7126
-0.7132
-0.7225
-0.722
-0.7117
-0.7097
-0.6952
-0.6908
-0.694
-0.6909
-0.6915
-0.7101
-0.7172
-0.7272
-0.7263
-0.7183
-0.7175
-0.7093
-0.7132
-0.7184
-0.7169
-0.7062
-0.7017
-0.7038
-0.7165
-0.7267
-0.7289
-0.7368
-0.7364
-0.7357
-0.7341
-0.737
-0.7372
-0.737
-0.7392
-0.7395
-0.741
-0.7382
-0.7439
-0.7419
-0.7424
-0.741
-0.7449
-0.7452
-0.7458
-0.7461
-0.7426
-0.7409
-0.7437
-0.7487
-0.7556
-0.7574
-0.7559
-0.7549
-0.7509
-0.7508
-0.7481
-0.7466
-0.7437
-0.7432
-0.7417
-0.7422
-0.7384
-0.742
-0.7351
-0.7398
-0.7371
-0.7354
-0.735
-0.7333
-0.7294
-0.73
-0.7294
-0.7266
-0.7298
-0.7317
-0.7391
-0.7403
-0.7434
-0.7416
-0.7435
-0.7432
-0.7361
-0.7374
-0.7335
-0.7291
-0.7308
-0.73
-0.7319
-0.7274
-0.7266
-0.7239
-0.7255
-0.7267
-0.7252
-0.7233
-0.7192
-0.7227
-0.7233
-0.7176
-0.7204
-0.7247
-0.7266
-0.7284
-0.7279
-0.7295
-0.73
-0.7279
-0.7226
-0.7194
-0.717
-0.7187
-0.7178
-0.715
-0.7153
-0.7144
-0.7092
-0.7081
-0.7073
-0.7092
-0.7047
-0.7044
-0.7021
-0.7043
-0.6995
-0.6998
-0.6992
-0.6967
-0.6964
-0.6987
-0.7028
-0.7045
-0.7068
-0.7053
-0.702
-0.6973
-0.694
-0.6941
-0.6909
-0.6897
-0.6893
-0.6871
-0.6873
-0.6832
-0.6827
-0.6849
-0.6826
-0.6821
-0.684
-0.6836
-0.6813
-0.6775
-0.6818
-0.68
-0.6787
-0.6803
-0.6843
-0.6896
-0.6918
-0.6944
-0.694
-0.6892
-0.684
-0.6838
-0.6808
-0.6799
-0.6833
-0.678
-0.6787
-0.6774
-0.6775
-0.6747
-0.6747
-0.6706
-0.6713
-0.6728
-0.6707
-0.6718
-0.6714
-0.6678
-0.6667
-0.668
-0.6646
-0.6683
-0.6755
-0.6797
-0.6807
-0.6764
-0.6763
-0.6727
-0.6709
-0.6702
-0.6662
-0.6659
-0.6678
-0.6667
-0.668
-0.6645
-0.6611
-0.661
-0.6581
-0.6568
-0.6589
-0.6559
-0.6515
-0.6541
-0.6529
-0.6528
-0.6532
-0.6509
-0.653
-0.6554
-0.6598
-0.6656
-0.6612
-0.6605
-0.6608
-0.6576
-0.6548
-0.652
-0.6526
-0.6511
-0.652
-0.6446
-0.648
-0.6443
-0.6435
-0.647
-0.6417
-0.6437
-0.6418
-0.6385
-0.6398
-0.6412
-0.6368
-0.6358
-0.6361
-0.6315
-0.6356
-0.6376
-0.6439
-0.6456
-0.6471
-0.6447
-0.6437
-0.6392
-0.6353
-0.6369
-0.6367
-0.6342
-0.6341
-0.6354
-0.6308
-0.6326
-0.6274
-0.6274
-0.6269
-0.6269
-0.6277
-0.6268
-0.6254
-0.6229
-0.6252
-0.6235
-0.6219
-0.6233
-0.6226
-0.6278
-0.6333
-0.6362
-0.6382
-0.6354
-0.6312
-0.6284
-0.6261
-0.626
-0.6217
-0.6222
-0.6235
-0.6263
-0.6213
-0.6199
-0.6152
-0.6191
-0.6174
-0.6139
-0.6149
-0.6158
-0.6105
-0.6156
-0.6107
-0.6111
-0.6098
-0.6097
-0.6098
-0.6174
-0.6227
-0.6255
-0.6251
-0.6249
-0.6244
-0.6226
-0.618
-0.6202
-0.6168
-0.6139
-0.6172
-0.616
-0.612
-0.61
-0.605
-0.605
-0.6007
-0.6026
-0.6011
-0.6017
-0.6014
-0.6003
-0.6019
-0.598
-0.5955
-0.601
-0.6037
-0.6099
-0.6128
-0.6131
-0.6144
-0.61
-0.6091
-0.6053
-0.6057
-0.6047
-0.6013
-0.6041
-0.6023
-0.6013
-0.6005
-0.5942
-0.5931
-0.5918
-0.5878
-0.5889
-0.5897
-0.584
-0.5821
-0.5847
-0.5812
-0.5816
-0.5817
-0.5845
-0.5897
-0.5954
-0.5977
-0.5983
-0.5966
-0.5948
-0.5908
-0.5898
-0.5875
-0.5889
-0.589
-0.5887
-0.5833
-0.5821
-0.5829
-0.5844
-0.5816
-0.5809
-0.5804
-0.5766
-0.5738
-0.5751
-0.5729
-0.5732
-0.5723
-0.5745
-0.5779
-0.5832
-0.5889
-0.591
-0.5879
-0.5885
-0.5873
-0.5834
-0.5796
-0.5821
-0.5784
-0.5864
-0.5863
-0.5803
-0.576
-0.5738
-0.5722
-0.5691
-0.566
-0.567
-0.5679
-0.5659
-0.5696
-0.5624
-0.5665
-0.5612
-0.5637
-0.5645
-0.5659
-0.5702
-0.5762
-0.5787
-0.576
-0.5785
-0.5814
-0.5767
-0.5706
-0.569
-0.5702
-0.5689
-0.5681
-0.5676
-0.568
-0.5661
-0.5639
-0.5618
-0.566
-0.5645
-0.5635
-0.5644
-0.5626
-0.5623
-0.5589
-0.5616
-0.559
-0.5595
-0.5665
-0.5753
-0.5745
-0.5778
-0.5785
-0.5761
-0.5735
-0.5734
-0.57
-0.5693
-0.571
-0.566
-0.569
-0.5646
-0.5602
-0.5615
-0.559
-0.5582
-0.5585
-0.5565
-0.5565
-0.5559
-0.5501
-0.5503
-0.555
-0.5505
-0.5489
-0.5488
-0.5572
-0.5637
-0.5692
-0.5683
-0.5681
-0.5684
-0.5604
-0.5637
-0.5578
-0.5593
-0.5594
-0.5577
-0.5593
-0.558
-0.5586
-0.5547
-0.5538
-0.5533
-0.5514
-0.5515
-0.5484
-0.5521
-0.5522
-0.5518
-0.5489
-0.5458
-0.5458
-0.5521
-0.5568
-0.5639
-0.5626
-0.5632
-0.5625
-0.5582
-0.5544
-0.5538
-0.5531
-0.5507
-0.5502
-0.5531
-0.5502
-0.5474
-0.5455
-0.5433
-0.5428
-0.5418
-0.5403
-0.5392
-0.5363
-0.5367
-0.5364
-0.5352
-0.532
-0.5352
-0.5369
-0.536
-0.5444
-0.5505
-0.5562
-0.5552
-0.5489
-0.5497
-0.5459
-0.5477
-0.5432
-0.5463
-0.5432
-0.543
-0.5433
-0.5392
-0.542
-0.5431
-0.5405
-0.5344
-0.535
-0.5334
-0.5349
-0.5304
-0.5298
-0.5314
-0.5312
-0.5285
-0.5284
-0.5351
-0.542
-0.5475
-0.5475
-0.5485
-0.5437
-0.5449
-0.5419
-0.5399
-0.5353
-0.537
-0.5361
-0.5312
-0.5356
-0.5325
-0.5312
-0.53
-0.5311
-0.5297
-0.5268
-0.527
-0.5229
-0.5221
-0.5219
-0.5247
-0.5202
-0.5201
-0.5258
-0.5333
-0.5383
-0.5416
-0.5411
-0.5375
-0.5362
-0.5309
-0.5355
-0.532
-0.5308
-0.5326
-0.5311
-0.5305
-0.5253
-0.5288
-0.5261
-0.5239
-0.5232
-0.5201
-0.5199
-0.5182
-0.5154
-0.5193
-0.5184
-0.5187
-0.5222
-0.5292
-0.5344
-0.5362
-0.533
-0.5314
-0.5282
-0.5251
-0.5204
-0.5218
-0.5207
-0.5197
-0.5169
-0.5199
-0.5166
-0.5161
-0.5125
-0.509
-0.5048
-0.5013
-0.4977
-0.4958
-0.491
-0.4945
-0.4951
-0.4927
-0.4911
-0.4892
-0.4976
-0.5062
-0.5121
-0.5118
-0.5119
-0.5093
-0.5079
-0.5069
-0.5024
-0.5008
-0.5011
-0.4996
-0.4968
-0.4943
-0.4939
-0.4888
-0.4872
-0.4869
-0.4875
-0.4876
-0.4853
-0.485
-0.4899
-0.4878
-0.4861
-0.4829
-0.4839
-0.4876
-0.4948
-0.5002
-0.4979
-0.4957
-0.4979
-0.4886
-0.4899
-0.4897
-0.4901
-0.492
-0.4915
-0.4908
-0.4905
-0.4888
-0.4851
-0.4874
-0.4825
-0.4843
-0.4833
-0.4816
-0.4813
-0.4808
-0.4781
-0.4813
-0.4772
-0.476
-0.4841
-0.4898
-0.4981
-0.4994
-0.5002
-0.4971
-0.4972
-0.5008
-0.4949
-0.493
-0.4932
-0.4919
-0.4934
-0.4914
-0.492
-0.4866
-0.4885
-0.4846
-0.4864
-0.483
-0.4819
-0.4844
-0.4843
-0.4857
-0.4792
-0.4806
-0.476
-0.4723
-0.4747
-0.4758
-0.4861
-0.494
-0.4953
-0.4951
-0.4949
-0.4929
-0.4931
-0.4893
-0.49
-0.4871
-0.4858
-0.4885
-0.4877
-0.4844
-0.4831
-0.4852
-0.4802
-0.4806
-0.4811
-0.4797
-0.4787
-0.4763
-0.4756
-0.4717
-0.4727
-0.4751
-0.4742
-0.4755
-0.4838
-0.49
-0.4933
-0.494
-0.49
-0.4889
-0.485
-0.4833
-0.4815
-0.4841
-0.4807
-0.4805
-0.4814
-0.4795
-0.473
-0.4703
-0.4697
-0.4687
-0.4668
-0.4649
-0.4654
-0.4656
-0.4638
-0.4606
-0.4598
-0.4587
-0.4556
-0.4622
-0.4695
-0.4795
-0.4839
-0.485
-0.4837
-0.4826
-0.479
-0.4768
-0.4771
-0.4753
-0.4734
-0.4742
-0.4718
-0.4722
-0.4698
-0.4684
-0.4673
-0.4691
-0.4672
-0.4662
-0.4649
-0.4683
-0.467
-0.4629
-0.4637
-0.4639
-0.4675
-0.4755
-0.4824
-0.4833
-0.4851
-0.4824
-0.4795
-0.4776
-0.4735
-0.4752
-0.4736
-0.4731
-0.4755
-0.475
-0.47
-0.4706
-0.4694
-0.4714
-0.4667
-0.4669
-0.4682
-0.4675
-0.4662
-0.4634
-0.4641
-0.4598
-0.4688
-0.4731
-0.4804
-0.4801
-0.4795
-0.4802
-0.4777
-0.4763
-0.4734
-0.4728
-0.472
-0.4679
-0.4714
-0.4692
-0.4697
-0.4678
-0.4662
-0.4642
-0.4618
-0.4625
-0.4646
-0.4638
-0.4601
-0.4554
-0.4576
-0.454
-0.4562
-0.4561
-0.4571
-0.466
-0.4756
-0.4769
-0.4802
-0.4766
-0.478
-0.4771
-0.4748
-0.4756
-0.4725
-0.4732
-0.4695
-0.4712
-0.4653
-0.467
-0.4629
-0.462
-0.4634
-0.4611
-0.4595
-0.4594
-0.4603
-0.4583
-0.4589
-0.4583
-0.4587
-0.4597
-0.469
-0.4774
-0.4798
-0.4805
-0.4766
-0.4769
-0.4728
-0.4697
-0.4705
-0.4691
-0.4706
-0.4689
-0.4709
-0.4645
-0.4654
-0.4645
-0.4592
-0.4605
-0.4609
-0.4602
-0.4601
-0.4592
-0.4573
-0.4567
-0.4578
-0.4574
-0.4726
-0.4755
-0.4764
-0.4824
-0.4788
-0.4748
-0.4723
-0.4717
-0.4689
-0.4697
-0.4715
-0.4673
-0.4672
-0.4673
-0.4644
-0.4632
-0.4617
-0.4624
-0.4552
-0.4553
-0.4553
-0.4567
-0.4563
-0.4537
-0.4525
-0.4541
-0.4515
-0.4563
-0.4672
-0.4731
-0.4744
-0.4744
-0.4755
-0.473
-0.475
-0.4725
-0.4669
-0.4676
-0.468
-0.4675
-0.4694
-0.4667
-0.4676
-0.4625
-0.463
-0.4638
-0.4609
-0.463
-0.4613
-0.4612
-0.4614
-0.4611
-0.4635
-0.4625
-0.4669
-0.4772
-0.4784
-0.4802
-0.4795
-0.4791
-0.474
-0.4719
-0.4702
-0.4701
-0.4681
-0.468
-0.4651
-0.4658
-0.4634
-0.4659
-0.4621
-0.4629
-0.4602
-0.4597
-0.4595
-0.4559
-0.4583
-0.4585
-0.4565
-0.4557
-0.4595
-0.4645
-0.4738
-0.4779
-0.4771
-0.4751
-0.4747
-0.4739
-0.4719
-0.4637
-0.4618
-0.4649
-0.4649
-0.4629
-0.4633
-0.4625
-0.4614
-0.4573
-0.4609
-0.4573
-0.4557
-0.4566
-0.4561
-0.4542
-0.4543
-0.4564
-0.4556
-0.4541
-0.4524
-0.4551
-0.4637
-0.4692
-0.4727
-0.475
-0.4719
-0.4709
-0.4684
-0.4651
-0.4682
-0.4673
-0.4679
-0.465
-0.4678
-0.4653
-0.4634
-0.4645
-0.4597
-0.4611
-0.4581
-0.4604
-0.4579
-0.4601
-0.4587
-0.4548
-0.4571
-0.4566
-0.4625
-0.47
-0.4761
-0.4798
-0.478
-0.4753
-0.4731
-0.4694
-0.4669
-0.4651
-0.4678
-0.4651
-0.4658
-0.466
-0.4617
-0.4628
-0.4573
-0.4595
-0.4562
-0.4528
-0.456
-0.4526
-0.4546
-0.4544
-0.4541
-0.4532
-0.4508
-0.4496
-0.4533
-0.4613
-0.4705
-0.4747
-0.4687
-0.4683
-0.4685
-0.4673
-0.4657
-0.4651
-0.4612
-0.4629
-0.4606
-0.4605
-0.4636
-0.4599
-0.4563
-0.4573
-0.4525
-0.4543
-0.455
-0.4531
-0.4537
-0.4532
-0.4504
-0.4526
-0.4486
-0.4518
-0.4614
-0.4676
-0.4701
-0.4709
-0.4698
-0.4669
-0.4661
-0.4672
-0.4663
-0.4651
-0.4607
-0.4615
-0.4618
-0.4596
-0.4592
-0.4593
-0.459
-0.4561
-0.4552
-0.4566
-0.4565
-0.4527
-0.4496
-0.4511
-0.4517
-0.4613
-0.4665
-0.4733
-0.4737
-0.4695
-0.468
-0.4681
-0.4673
-0.4604
-0.4612
-0.4597
-0.4595
-0.4592
-0.4605
-0.4558
-0.4523
-0.4553
-0.4499
-0.4515
-0.4509
-0.4534
-0.4507
-0.4498
-0.4467
-0.4474
-0.4467
-0.4487
-0.4457
-0.4532
-0.4601
-0.4658
-0.4692
-0.4675
-0.4684
-0.4675
-0.4656
-0.4615
-0.4594
-0.4587
-0.4601
-0.4601
-0.4594
-0.4579
-0.4565
-0.4551
-0.4567
-0.4545
-0.4544
-0.4534
-0.4521
-0.4514
-0.4491
-0.4497
-0.4488
-0.4491
-0.4493
-0.4484
-0.4573
-0.4653
-0.4667
-0.4675
-0.4611
-0.4627
-0.4597
-0.4568
-0.4568
-0.4554
-0.4555
-0.4553
-0.4548
-0.4545
-0.4524
-0.4523
-0.4474
-0.4479
-0.4471
-0.4474
-0.4451
-0.4485
-0.445
-0.4432
-0.4451
-0.4435
-0.4449
-0.4504
-0.4582
-0.4626
-0.4617
-0.4618
-0.4623
-0.4589
-0.4535
-0.4527
-0.4516
-0.4525
-0.4507
-0.452
-0.4524
-0.4506
-0.4472
-0.4466
-0.4443
-0.4423
-0.4404
-0.4433
-0.4413
-0.4405
-0.4408
-0.4389
-0.4374
-0.4363
-0.4382
-0.4369
-0.4485
-0.4567
-0.4623
-0.4586
-0.4561
-0.4575
-0.4548
-0.4505
-0.4512
-0.4489
-0.4537
-0.4477
-0.4492
-0.4468
-0.4431
-0.4429
-0.442
-0.4422
-0.4398
-0.4388
-0.44
-0.4389
-0.4371
-0.4399
-0.4396
-0.4386
-0.4496
-0.4526
-0.4567
-0.4564
-0.4537
-0.4528
-0.4526
-0.4465
-0.4482
-0.4462
-0.4448
-0.4473
-0.446
-0.4451
-0.4426
-0.4444
-0.4434
-0.4417
-0.444
-0.4398
-0.4377
-0.4377
-0.4385
-0.4365
-0.44
-0.4431
-0.4501
-0.4578
-0.4565
-0.4562
-0.4556
-0.4528
-0.4526
-0.447
-0.4479
-0.4476
-0.4466
-0.4496
-0.4478
-0.447
-0.4426
-0.4406
-0.441
-0.438
-0.44
-0.4387
-0.4357
-0.4363
-0.4336
-0.4339
-0.4339
-0.4335
-0.436
-0.4419
-0.454
-0.4535
-0.4542
-0.4525
-0.451
-0.449
-0.4481
-0.4479
-0.4437
-0.4464
-0.4474
-0.4472
-0.446
-0.4436
-0.4427
-0.4434
-0.4393
-0.4364
-0.4398
-0.439
-0.4348
-0.4341
-0.4313
-0.4321
-0.4366
-0.4371
-0.444
-0.4486
-0.4559
-0.451
-0.4542
-0.4492
-0.446
-0.4452
-0.4414
-0.4402
-0.4428
-0.4399
-0.439
-0.4416
-0.4387
-0.4379
-0.436
-0.4394
-0.4346
-0.4341
-0.436
-0.4324
-0.4332
-0.4318
-0.4313
-0.4391
-0.4431
-0.4469
-0.4467
-0.4474
-0.4446
-0.4463
-0.4439
-0.4402
-0.4423
-0.4411
-0.4369
-0.4386
-0.4341
-0.4324
-0.4312
-0.4321
-0.4286
-0.4258
-0.4296
-0.4303
-0.43
-0.4319
-0.4285
-0.4283
-0.43
-0.43
-0.4302
-0.4369
-0.4418
-0.4446
-0.4414
-0.4413
-0.4407
-0.4416
-0.4355
-0.4357
-0.4334
-0.4368
-0.4348
-0.4366
-0.4323
-0.4313
-0.4337
-0.4344
-0.4319
-0.4308
-0.4308
-0.4278
-0.4266
-0.431
-0.4272
-0.4263
-0.4264
-0.4234
-0.4305
-0.4394
-0.4446
-0.4463
-0.4463
-0.4443
-0.4447
-0.4435
-0.4363
-0.44
-0.439
-0.4371
-0.4389
-0.4382
-0.437
-0.4345
-0.4327
-0.4326
-0.4346
-0.4322
-0.4371
-0.4308
-0.4323
-0.4329
-0.4331
-0.4354
-0.4324
-0.4377
-0.4471
-0.4531
-0.4517
-0.4481
-0.4466
-0.4466
-0.4449
-0.4412
-0.4431
-0.4409
-0.4432
-0.444
-0.4438
-0.4414
-0.4396
-0.4395
-0.4398
-0.4362
-0.4385
-0.4357
-0.4384
-0.4351
-0.4354
-0.4374
-0.441
-0.4461
-0.4515
-0.4571
-0.455
-0.4481
-0.4493
-0.4514
-0.4462
-0.4468
-0.4451
-0.4457
-0.4448
-0.4405
-0.4413
-0.4423
-0.4363
-0.441
-0.4376
-0.4395
-0.4401
-0.4387
-0.4363
-0.4334
-0.4353
-0.4349
-0.432
-0.4363
-0.4479
-0.4523
-0.4531
-0.4518
-0.4565
-0.4543
-0.4546
-0.4481
-0.444
-0.4473
-0.4479
-0.4517
-0.4453
-0.4459
-0.4447
-0.4435
-0.444
-0.4424
-0.442
-0.4383
-0.4405
-0.438
-0.4377
-0.4346
-0.4374
-0.4393
-0.4385
-0.4461
-0.4537
-0.4565
-0.4559
-0.4518
-0.4534
-0.4521
-0.4513
-0.4466
-0.4481
-0.4445
-0.443
-0.4449
-0.4446
-0.442
-0.4431
-0.4395
-0.4418
-0.4383
-0.4406
-0.4398
-0.4382
-0.4364
-0.4361
-0.436
-0.4448
-0.4539
-0.4532
-0.451
-0.4498
-0.4449
-0.4485
-0.445
-0.4448
-0.4437
-0.4451
-0.443
-0.4443
-0.4431
-0.4416
-0.441
-0.4398
-0.4378
-0.4373
-0.4379
-0.4361
-0.4368
-0.4341
-0.4334
-0.4343
-0.4366
-0.4456
-0.4532
-0.4583
-0.456
-0.4521
-0.4498
-0.4514
-0.4457
-0.4463
-0.4443
-0.4435
-0.444
-0.4448
-0.4376
-0.4385
-0.4377
-0.4368
-0.4363
-0.4362
-0.4314
-0.4338
-0.4346
-0.4331
-0.4341
-0.4297
-0.4274
-0.4334
-0.4451
-0.4502
-0.4562
-0.4524
-0.4525
-0.4514
-0.4507
-0.4485
-0.4444
-0.4436
-0.4467
-0.4451
-0.4416
-0.4377
-0.4211
-0.3933
-0.3683
-0.3466
-0.3116
-0.2822
-0.2632
-0.2631
-0.2602
-0.2502
-0.2518
-0.2546
-0.256
-0.2551
-0.254
-0.2567
-0.2448
-0.2435
-0.2388
-0.2409
-0.238
-0.2363
-0.2385
-0.241
-0.2383
-0.239
-0.2401
-0.2382
-0.2408
-0.2383
-0.236
-0.2369
-0.2369
-0.2399
-0.236
-0.2371
-0.2363
-0.2398
-0.2364
-0.2384
-0.2379
-0.2344
-0.2396
-0.2355
-0.2369
-0.2364
-0.2333
-0.2354
-0.2338
-0.2383
-0.235
-0.235
-0.2368
-0.2373
-0.238
-0.2382
-0.2369
-0.237
-0.2361
-0.2386
-0.239
-0.2378
-0.2389
-0.2407
-0.2382
-0.2359
-0.2361
-0.2325
-0.234
-0.2348
-0.2377
-0.2325
-0.2368
-0.2381
-0.2327
-0.2326
-0.2354
-0.236
-0.2354
-0.2338
-0.2339
-0.2344
-0.2308
-0.2348
-0.2341
-0.2366
-0.238
-0.2356
-0.24
-0.2416
-0.2395
-0.24
-0.2449
-0.249
-0.2469
-0.2454
-0.2449
-0.245
-0.2435
-0.2474
-0.2515
-0.2477
-0.2479
-0.2478
-0.2455
-0.2455
-0.247
-0.2483
-0.2512
-0.2479
-0.2494
-0.2479
-0.249
-0.2508
-0.252
-0.2508
-0.2488
-0.2513
-0.2543
-0.2498
-0.2532
-0.2538
-0.252
-0.2549
-0.2547
-0.2549
-0.2546
-0.2584
-0.2522
-0.2554
-0.2547
-0.2528
-0.2569
-0.2582
-0.257
-0.2584
-0.2576
-0.2568
-0.256
-0.2569
-0.2582
-0.2606
-0.2584
-0.2565
-0.255
-0.2573
-0.2568
-0.2562
-0.257
-0.2595
-0.2579
-0.2582
-0.2567
-0.2595
-0.2598
-0.2599
-0.2579
-0.2599
-0.2609
-0.2564
-0.2562
-0.2574
-0.2607
-0.2564
-0.2571
-0.2577
-0.2591
-0.258
-0.2602
-0.259
-0.2574
-0.2613
-0.2607
-0.2618
-0.2595
-0.2608
-0.2606
-0.2601
-0.2606
-0.2617
-0.2618
-0.2592
-0.2592
-0.2631
-0.2601
-0.2586
-0.259
-0.2635
-0.2598
-0.2638
-0.262
-0.2626
-0.2612
-0.2652
-0.2639
-0.2632
-0.2645
-0.2629
-0.2646
-0.2651
-0.263
-0.2592
-0.2645
-0.265
-0.2632
-0.262
-0.2646
-0.2639
-0.2634
-0.2633
-0.267
-0.2657
-0.265
-0.2675
-0.2643
-0.2695
-0.2643
-0.2631
-0.2643
-0.2693
-0.2684
-0.2657
-0.2642
-0.2646
-0.2681
-0.2658
-0.2646
-0.2676
-0.2676
-0.2631
-0.265
-0.2682
-0.2662
-0.2682
-0.2671
-0.2672
-0.2692
-0.2654
-0.2653
-0.2664
-0.2709
-0.2673
-0.2673
-0.2648
-0.2734
-0.2752
-0.2723
-0.2669
-0.2726
-0.2659
-0.2525
-0.2754
-0.2548
-0.2776
-0.2728
-0.2751
-0.2706
-0.2761
-0.2767
-0.2733
-0.2757
-0.2754
-0.2718
-0.2717
-0.2741
-0.272
-0.2734
-0.2717
-0.2748
-0.2704
-0.2731
-0.2751
-0.2744
-0.2744
-0.2762
-0.275
-0.2736
-0.2737
-0.2737
-0.2764
-0.2749
-0.2776
-0.2763
-0.277
-0.2739
-0.283
-0.2915
-0.2946
-0.2856
-0.2814
-0.2975
-0.3034
-0.3084
-0.3035
-0.306
-0.3058
-0.3091
-0.3173
-0.3226
-0.3323
-0.3329
-0.3336
-0.3272
-0.3414
-0.3537
-0.3573
-0.3382
-0.3204
-0.3057
-0.3109
-0.3165
-0.3163
-0.3029
-0.2908
-0.3274
-0.4343
-0.6093
-0.6602
-0.6128
-0.5223
-0.4281
-0.3621
-0.3321
-0.3182
-0.3116
-0.315
-0.3151
-0.3149
-0.3105
-0.3463
-0.3766
-0.4155
-0.4464
-0.4441
-0.43
-0.4019
-0.3625
-0.3273
-0.3126
-0.3057
-0.298
-0.3
-0.3003
-0.2963
-0.2916
-0.2944
-0.2907
-0.2925
-0.3004
-0.3058
-0.3139
-0.3207
-0.3302
-0.343
-0.3583
-0.3873
-0.4001
-0.393
-0.3707
-0.3634
-0.3633
-0.3545
-0.353
-0.3545
-0.3582
-0.3701
-0.3655
-0.3613
-0.3699
-0.3824
-0.3925
-0.3917
-0.3854
-0.3859
-0.3973
-0.388
-0.3749
-0.3627
-0.3477
-0.3416
-0.3272
-0.3251
-0.3199
-0.3215
-0.3396
-0.3357
-0.3426
-0.3221
-0.3113
-0.2966
-0.2863
-0.28
-0.2741
-0.277
-0.2839
-0.2862
-0.2897
-0.2941
-0.2994
-0.3074
-0.3052
-0.3079
-0.3036
-0.3044
-0.301
-0.3104
-0.3097
-0.3063
-0.296
-0.2876
-0.2812
-0.2804
-0.2822
-0.2802
-0.2808
-0.274
-0.2662
-0.271
-0.2723
-0.2709
-0.2737
-0.2765
-0.2789
-0.274
-0.2832
-0.2823
-0.2914
-0.2938
-0.2935
-0.2974
-0.2919
-0.2878
-0.2837
-0.2819
-0.2815
-0.2751
-0.2706
-0.2665
-0.2668
-0.2648
-0.2622
-0.2646
-0.2607
-0.2631
-0.2612
-0.2607
-0.2607
-0.2623
-0.263
-0.2616
-0.2646
-0.263
-0.2678
-0.2655
-0.2689
-0.2645
-0.2647
-0.2683
-0.2657
-0.2687
-0.2687
-0.2668
-0.2695
-0.2682
