-0.4173
-0.418
-0.4188
-0.4183
-0.4163
-0.4183
-0.4206
-0.4194
-0.4196
-0.42
-0.4169
-0.4174
-0.4174
-0.4203
-0.4172
-0.4164
-0.4188
-0.4179
-0.4209
-0.4228
-0.4221
-0.4233
-0.4206
-0.4218
-0.4214
-0.4213
-0.4225
-0.4201
-0.4232
-0.4213
-0.4216
-0.4225
-0.421
-0.4221
-0.4214
-0.4241
-0.4213
-0.4221
-0.4235
-0.4206
-0.4192
-0.4222
-0.4202
-0.4217
-0.4225
-0.421
-0.42
-0.4222
-0.4217
-0.4217
-0.4243
-0.4195
-0.4214
-0.4228
-0.4183
-0.4229
-0.4256
-0.4184
-0.4242
-0.4235
-0.42
-0.4213
-0.4266
-0.4236
-0.4236
-0.4222
-0.4228
-0.4204
-0.4224
-0.4227
-0.4193
-0.4195
-0.4238
-0.4232
-0.4236
-0.4223
-0.4221
-0.4252
-0.4218
-0.4229
-0.4228
-0.4239
-0.4222
-0.4211
-0.4222
-0.4228
-0.4204
-0.4222
-0.4212
-0.4227
-0.4244
-0.4213
-0.4241
-0.4241
-0.4254
-0.4225
-0.4214
-0.4225
-0.4252
-0.4245
-0.4243
-0.4211
-0.4224
-0.4222
-0.4245
-0.4215
-0.4206
-0.4236
-0.4224
-0.422
-0.4229
-0.4243
-0.4232
-0.4212
-0.4233
-0.4246
-0.4238
-0.4225
-0.4222
-0.4225
-0.4246
-0.4243
-0.4271
-0.424
-0.424
-0.4235
-0.4243
-0.4229
-0.4271
-0.4235
-0.4242
-0.4252
-0.4258
-0.425
-0.4229
-0.4246
-0.4231
-0.4208
-0.4223
-0.4243
-0.4264
-0.4271
-0.427
-0.4235
-0.4252
-0.4274
-0.425
-0.4249
-0.4234
-0.4254
-0.4239
-0.4264
-0.4256
-0.4246
-0.425
-0.4249
-0.4264
-0.4265
-0.4275
-0.4269
-0.4303
-0.4268
-0.4232
-0.4271
-0.4264
-0.4269
-0.4278
-0.4261
-0.4266
-0.4291
-0.4268
-0.4267
-0.4264
-0.4249
-0.425
-0.4241
-0.4278
-0.4291
-0.4259
-0.4279
-0.4247
-0.426
-0.4288
-0.4268
-0.4282
-0.4263
-0.4285
-0.4258
-0.4271
-0.4271
-0.4304
-0.4265
-0.4273
-0.4269
-0.4254
-0.4285
-0.4263
-0.4262
-0.4268
-0.4249
-0.4257
-0.4257
-0.4263
-0.4254
-0.4271
-0.428
-0.4265
-0.4275
-0.4252
-0.4266
-0.428
-0.4283
-0.4225
-0.4271
-0.4271
-0.4249
-0.4274
-0.4277
-0.4255
-0.4256
-0.4261
-0.4264
-0.4298
-0.4254
-0.4266
-0.4261
-0.4246
-0.4294
-0.4239
-0.4272
-0.4288
-0.4256
-0.4249
-0.4255
-0.4265
-0.4257
-0.4245
-0.4243
-0.4256
-0.4276
-0.4254
-0.4247
-0.4233
-0.4239
-0.4233
-0.4276
-0.4253
-0.4257
-0.4271
-0.4269
-0.4237
-0.4257
-0.4259
-0.4286
-0.4291
-0.4261
-0.4285
-0.4229
-0.4291
-0.4272
-0.4261
-0.4252
-0.4288
-0.4277
-0.4263
-0.4279
-0.4257
-0.4262
-0.4254
-0.4271
-0.426
-0.4258
-0.4313
-0.4262
-0.4244
-0.4259
-0.4274
-0.4277
-0.4262
-0.4252
-0.4275
-0.4255
-0.4255
-0.4273
-0.4269
-0.4252
-0.426
-0.4268
-0.4268
-0.4258
-0.427
-0.4255
-0.4272
-0.427
-0.426
-0.4293
-0.4288
-0.4272
-0.4264
-0.4288
-0.4282
-0.4282
-0.4274
-0.4287
-0.4276
-0.4266
-0.4243
-0.426
-0.426
-0.4276
-0.4265
-0.4286
-0.4276
-0.4288
-0.4259
-0.4239
-0.4283
-0.4235
-0.4281
-0.4258
-0.4295
-0.4257
-0.4287
-0.4244
-0.4275
-0.4279
-0.4303
-0.4271
-0.427
-0.4282
-0.4274
-0.4302
-0.4293
-0.4282
-0.4297
-0.4291
-0.425
-0.4257
-0.4281
-0.429
-0.4282
-0.4301
-0.4284
-0.4275
-0.4252
-0.4288
-0.426
-0.4279
-0.4309
-0.4261
-0.4261
-0.4275
-0.4272
-0.425
-0.429
-0.4291
-0.4275
-0.4266
-0.4271
-0.4264
-0.4274
-0.4261
-0.428
-0.4289
-0.4278
-0.4283
-0.428
-0.43
-0.4292
-0.4305
-0.429
-0.428
-0.434
-0.4299
-0.4303
-0.4287
-0.4307
-0.4307
-0.4321
-0.4316
-0.4303
-0.4288
-0.4301
-0.4285
-0.4303
-0.4299
-0.4315
-0.4303
-0.4274
-0.4302
-0.4318
-0.4286
-0.4296
-0.431
-0.4313
-0.4302
-0.4322
-0.4311
-0.4297
-0.4294
-0.4288
-0.43
-0.431
-0.4322
-0.4313
-0.4323
-0.429
-0.4315
-0.4296
-0.4284
-0.4302
-0.4327
-0.4284
-0.4301
-0.4324
-0.4266
-0.4304
-0.4308
-0.4322
-0.4299
-0.4308
-0.4323
-0.4341
-0.4288
-0.4311
-0.4295
-0.4307
-0.431
-0.4308
-0.4305
-0.4302
-0.4326
-0.4327
-0.4324
-0.4304
-0.431
-0.4349
-0.432
-0.431
-0.4335
-0.432
-0.4327
-0.433
-0.4308
-0.4327
-0.433
-0.4321
-0.4305
-0.4324
-0.4318
-0.432
-0.4318
-0.4322
-0.4312
-0.4306
-0.4316
-0.4327
-0.4329
-0.4322
-0.4357
-0.435
-0.4345
-0.4347
-0.4319
-0.4338
-0.431
-0.4313
-0.4313
-0.4318
-0.4329
-0.4324
-0.4335
-0.433
-0.4352
-0.4327
-0.433
-0.432
-0.4351
-0.4327
-0.4307
-0.4341
-0.4345
-0.4317
-0.4332
-0.4338
-0.4299
-0.4336
-0.4308
-0.433
-0.4366
-0.4341
-0.4312
-0.4315
-0.4344
-0.4335
-0.4311
-0.4344
-0.4304
-0.4343
-0.4323
-0.4343
-0.4332
-0.4329
-0.4305
-0.4304
-0.4318
-0.4338
-0.4346
-0.4297
-0.4319
-0.4318
-0.433
-0.433
-0.4316
-0.433
-0.4291
-0.4352
-0.4327
-0.4324
-0.431
-0.433
-0.4301
-0.4325
-0.4283
-0.4308
-0.4348
-0.4303
-0.4315
-0.4338
-0.4307
-0.4307
-0.43
-0.4317
-0.436
-0.4329
-0.4365
-0.435
-0.4363
-0.4335
-0.434
-0.4335
-0.4335
-0.433
-0.4336
-0.4355
-0.4356
-0.4332
-0.4355
-0.4341
-0.4341
-0.4324
-0.4361
-0.4338
-0.4351
-0.4337
-0.432
-0.4321
-0.4329
-0.432
-0.4354
-0.4333
-0.4354
-0.4344
-0.4348
-0.4344
-0.435
-0.4335
-0.4329
-0.4356
-0.4341
-0.4346
-0.4343
-0.4322
-0.4334
-0.4363
-0.4337
-0.4358
-0.4336
-0.4367
-0.4336
-0.4349
-0.4365
-0.4348
-0.4353
-0.4318
-0.4354
-0.4345
-0.4345
-0.4341
-0.4349
-0.434
-0.4341
-0.4338
-0.434
-0.4344
-0.4341
-0.438
-0.4331
-0.4336
-0.4325
-0.4327
-0.4352
-0.4347
-0.436
-0.4333
-0.4347
-0.4383
-0.4343
-0.437
-0.4338
-0.4346
-0.4341
-0.4335
-0.4332
-0.4351
-0.4354
-0.4358
-0.4365
-0.4343
-0.4366
-0.4352
-0.4335
-0.4343
-0.4315
-0.437
-0.4339
-0.4393
-0.4369
-0.4321
-0.4353
-0.4384
-0.4357
-0.4346
-0.4335
-0.4364
-0.4355
-0.4388
-0.4365
-0.4325
-0.4343
-0.4352
-0.4375
-0.4363
-0.438
-0.4346
-0.4366
-0.4368
-0.4343
-0.4339
-0.4358
-0.4326
-0.4355
-0.4358
-0.4355
-0.4354
-0.4343
-0.4354
-0.4347
-0.4336
-0.4333
-0.4366
-0.4351
-0.4339
-0.4371
-0.4338
-0.4341
-0.4331
-0.4362
-0.4354
-0.4343
-0.4364
-0.4345
-0.4379
-0.4336
-0.4372
-0.4351
-0.4354
-0.4374
-0.4378
-0.4354
-0.4343
-0.4363
-0.4344
-0.4347
-0.4367
-0.4384
-0.4349
-0.4386
-0.4379
-0.435
-0.439
-0.436
-0.4382
-0.4377
-0.4394
-0.4373
-0.4369
-0.4359
-0.4372
-0.4394
-0.4382
-0.4363
-0.4335
-0.4336
-0.4382
-0.4341
-0.4394
-0.4383
-0.4335
-0.438
-0.4347
-0.4362
-0.436
-0.4337
-0.4383
-0.4367
-0.4343
-0.4349
-0.4372
-0.4369
-0.4362
-0.4382
-0.4369
-0.4354
-0.4345
-0.4374
-0.4356
-0.4352
-0.4351
-0.4353
-0.4365
-0.4338
-0.4366
-0.4388
-0.439
-0.435
-0.4363
-0.4342
-0.4373
-0.4363
-0.4349
-0.4368
-0.4354
-0.4387
-0.4357
-0.4346
-0.4347
-0.4381
-0.4382
-0.4355
-0.4387
-0.4356
-0.4378
-0.4355
-0.4382
-0.4383
-0.4364
-0.4357
-0.4366
-0.4369
-0.438
-0.4376
-0.4359
-0.4376
-0.4352
-0.4366
-0.4359
-0.4361
-0.4357
-0.4398
-0.4374
-0.4385
-0.4363
-0.4376
-0.4394
-0.4372
-0.4367
-0.4348
-0.437
-0.4358
-0.435
-0.436
-0.4372
-0.4341
-0.4353
-0.4376
-0.4358
-0.4382
-0.4349
-0.4387
-0.4351
-0.4375
-0.4387
-0.4362
-0.4377
-0.4365
-0.4376
-0.438
-0.4368
-0.436
-0.4373
-0.4366
-0.4358
-0.4396
-0.4396
-0.4363
-0.4359
-0.436
-0.4355
-0.438
-0.4382
-0.4376
-0.435
-0.439
-0.4377
-0.4366
-0.4385
-0.439
-0.4369
-0.4394
-0.4376
-0.4379
-0.4359
-0.4374
-0.4378
-0.438
-0.4373
-0.4394
-0.4367
-0.4369
-0.4398
-0.4381
-0.4379
-0.4399
-0.4364
-0.4388
-0.4379
-0.4401
-0.4387
-0.4401
-0.4342
-0.4383
-0.4382
-0.4378
-0.4376
-0.437
-0.4377
-0.4357
-0.4373
-0.4391
-0.4376
-0.436
-0.4358
-0.4394
-0.4396
-0.4382
-0.4365
-0.4382
-0.4396
-0.4379
-0.4374
-0.438
-0.4401
-0.439
-0.4387
-0.4354
-0.4385
-0.4371
-0.4334
-0.4398
-0.4361
-0.4365
-0.4376
-0.4388
-0.4383
-0.4391
-0.4374
-0.4358
-0.4378
-0.4377
-0.4374
-0.4369
-0.4376
-0.4398
-0.4373
-0.4415
-0.4374
-0.4393
-0.4379
-0.4386
-0.4383
-0.4396
-0.4365
-0.4388
-0.4377
-0.4379
-0.4367
-0.438
-0.4388
-0.4394
-0.4366
-0.4416
-0.4389
-0.439
-0.4388
-0.4396
-0.4376
-0.4397
-0.4391
-0.4382
-0.4377
-0.4382
-0.4366
-0.4396
-0.4402
-0.4394
-0.4384
-0.439
-0.44
-0.4399
-0.4368
-0.4391
-0.4408
-0.4367
-0.4376
-0.4373
-0.44
-0.4385
-0.4342
-0.4375
-0.4381
-0.4399
-0.437
-0.439
-0.4411
-0.4382
-0.4377
-0.4384
-0.4385
-0.4402
-0.438
-0.4374
-0.4384
-0.4426
-0.4403
-0.4387
-0.4394
-0.4387
-0.4405
-0.441
-0.4398
-0.4376
-0.4396
-0.4398
-0.4388
-0.4376
-0.4387
-0.4385
-0.4396
-0.4402
-0.4374
-0.4406
-0.4382
-0.4382
-0.4411
-0.4394
-0.4393
-0.4374
-0.4413
-0.4393
-0.438
-0.438
-0.4376
-0.4416
-0.4411
-0.4386
-0.4409
-0.4385
-0.4423
-0.4379
-0.4391
-0.4385
-0.4362
-0.4418
-0.4377
-0.4387
-0.4398
-0.4401
-0.4385
-0.441
-0.4394
-0.4397
-0.4392
-0.4376
-0.4412
-0.4387
-0.4388
-0.4395
-0.4366
-0.4393
-0.4426
-0.4395
-0.4394
-0.4393
-0.44
-0.4424
-0.4394
-0.44
-0.4387
-0.4404
-0.4399
-0.4409
-0.4406
-0.4401
-0.4401
-0.4396
-0.4404
-0.4387
-0.4366
-0.4401
-0.4389
-0.4396
-0.4424
-0.4399
-0.4421
-0.4379
-0.4405
-0.4401
-0.4393
-0.4415
-0.4394
-0.4414
-0.4378
-0.4389
-0.4421
-0.4382
-0.4402
-0.4412
-0.443
-0.4385
-0.4391
-0.4378
-0.4406
-0.4407
-0.4388
-0.4393
-0.4412
-0.441
-0.4386
-0.4382
-0.4408
-0.4408
-0.4404
-0.4394
-0.4421
-0.4379
-0.4391
-0.4399
-0.4413
-0.4394
-0.4424
-0.438
-0.442
-0.439
-0.4399
-0.4399
-0.4393
-0.4387
-0.4372
-0.4403
-0.4424
-0.4405
-0.4399
-0.4429
-0.4411
-0.4393
-0.442
-0.4409
-0.4406
-0.4407
-0.4388
-0.4415
-0.4405
-0.4398
-0.4424
-0.4383
-0.4393
-0.4411
-0.4393
-0.4394
-0.4398
-0.4389
-0.4398
-0.4408
-0.4432
-0.4394
-0.4389
-0.4432
-0.4413
-0.4391
-0.4416
-0.4413
-0.4386
-0.4423
-0.4421
-0.4402
-0.4399
-0.4416
-0.4412
-0.441
-0.4416
-0.4422
-0.4427
-0.4396
-0.4416
-0.4413
-0.4407
-0.4417
-0.4445
-0.4441
-0.4397
-0.4385
-0.4435
-0.4429
-0.4413
-0.4405
-0.4457
-0.4409
-0.4403
-0.4423
-0.4418
-0.4407
-0.442
-0.4401
-0.4414
-0.441
-0.4411
-0.4428
-0.4408
-0.4424
-0.443
-0.4433
-0.4407
-0.4387
-0.4424
-0.4423
-0.4421
-0.443
-0.4421
-0.4422
-0.4437
-0.4415
-0.4436
-0.4432
-0.4419
-0.4402
-0.4429
-0.4414
-0.44
-0.4421
-0.4455
-0.4441
-0.4445
-0.4446
-0.4416
-0.4412
-0.4437
-0.4433
-0.4442
-0.4433
-0.4436
-0.4418
-0.4402
-0.4437
-0.4432
-0.4444
-0.4416
-0.4498
-0.469
-0.4458
-0.4444
-0.4458
-0.4449
-0.4434
-0.4448
-0.4543
-0.4687
-0.5
-0.5339
-0.556
-0.5096
-0.4939
-0.4768
-0.4711
-0.4742
-0.4946
-0.5318
-0.5399
-0.5362
-0.5231
-0.5075
-0.5129
-0.498
-0.4827
-0.4756
-0.4767
-0.4691
-0.4575
-0.4496
-0.4434
-0.4432
-0.4471
-0.4433
-0.4429
-0.4454
-0.4466
-0.4468
-0.4467
-0.4431
-0.4459
-0.4455
-0.4443
-0.4405
-0.4393
-0.4416
-0.4393
-0.439
-0.4383
-0.4369
-0.4394
-0.4374
-0.4354
-0.4365
-0.4379
-0.437
-0.4371
-0.4393
-0.4363
-0.4384
-0.4369
-0.4363
-0.4346
-0.4306
-0.4358
-0.4335
-0.4282
-0.4196
-0.407
-0.4106
-0.4161
-0.4182
-0.4203
-0.4177
-0.4217
-0.4232
-0.4086
-0.386
-0.3704
-0.3703
-0.3811
-0.3876
-0.3918
-0.3994
-0.4209
-0.4222
-0.4384
-0.438
-0.4402
-0.44
-0.443
-0.4362
-0.439
-0.4366
-0.4371
-0.4304
-0.4303
-0.431
-0.4339
-0.4322
-0.4339
-0.4327
-0.4319
-0.4298
-0.433
-0.4302
-0.4315
-0.4326
-0.434
-0.4327
-0.4325
-0.4294
-0.4272
-0.4295
-0.4308
-0.4322
-0.4321
-0.4307
-0.4304
-0.4281
-0.4321
-0.4311
-0.4308
-0.429
-0.4305
-0.4292
-0.4304
-0.4339
-0.4344
-0.4332
-0.433
-0.4401
-0.4413
-0.4416
-0.4363
-0.4407
-0.4347
-0.4314
-0.4324
-0.4333
-0.4307
-0.4326
-0.4338
-0.4329
-0.4321
-0.4308
-0.431
-0.4329
-0.4327
-0.4339
-0.4347
-0.4388
-0.4393
-0.4377
-0.4388
-0.4368
-0.4354
-0.4363
-0.4338
-0.4348
-0.4491
-0.4551
-0.4546
-0.4598
-0.4692
-0.4757
-0.4755
-0.4813
-0.4856
-0.4752
-0.4699
-0.4532
-0.4512
-0.4568
-0.4697
-0.4748
-0.4822
-0.4827
-0.4882
-0.477
-0.4586
-0.4489
-0.4419
-0.438
-0.4382
-0.4408
-0.4361
-0.4332
-0.4309
-0.4322
-0.4333
-0.4354
-0.435
-0.4365
-0.4405
-0.4353
-0.431
-0.4316
-0.4286
-0.4294
-0.4294
-0.428
-0.4328
-0.4311
-0.4308
-0.4295
-0.4286
-0.4286
-0.4295
-0.4316
-0.4297
-0.4336
-0.4326
-0.432
-0.4319
-0.4303
-0.4313
-0.4336
-0.4309
-0.4345
-0.4357
-0.4424
-0.4617
-0.4672
-0.4684
-0.4744
-0.4786
-0.4831
-0.4988
-0.5212
-0.5324
-0.533
-0.5399
-0.5553
-0.5702
-0.5951
-0.6215
-0.6307
-0.667
-0.689
-0.6866
-0.6967
-0.6991
-0.7069
-0.7126
-0.7132
-0.7225
-0.722
-0.7117
-0.7097
-0.6952
-0.6908
-0.694
-0.6909
-0.6915
-0.7101
-0.7172
-0.7272
-0.7263
-0.7183
-0.7175
-0.7093
-0.7132
-0.7184
-0.7169
-0.7062
-0.7017
-0.7038
-0.7165
-0.7267
-0.7289
-0.7368
-0.7364
-0.7357
-0.7341
-0.737
-0.7372
-0.737
-0.7392
-0.7395
-0.741
-0.7382
-0.7439
-0.7419
-0.7424
-0.741
-0.7449
-0.7452
-0.7458
-0.7461
-0.7426
-0.7409
-0.7437
-0.7487
-0.7556
-0.7574
-0.7559
-0.7549
-0.7509
-0.7508
-0.7481
-0.7466
-0.7437
-0.7432
-0.7417
-0.7422
-0.7384
-0.742
-0.7351
-0.7398
-0.7371
-0.7354
-0.735
-0.7333
-0.7294
-0.73
-0.7294
-0.7266
-0.7298
-0.7317
-0.7391
-0.7403
-0.7434
-0.7416
-0.7435
-0.7432
-0.7361
-0.7374
-0.7335
-0.7291
-0.7308
-0.73
-0.7319
-0.7274
-0.7266
-0.7239
-0.7255
-0.7267
-0.7252
-0.7233
-0.7192
-0.7227
-0.7233
-0.7176
-0.7204
-0.7247
-0.7266
-0.7284
-0.7279
-0.7295
-0.73
-0.7279
-0.7226
-0.7194
-0.717
-0.7187
-0.7178
-0.715
-0.7153
-0.7144
-0.7092
-0.7081
-0.7073
-0.7092
-0.7047
-0.7044
-0.7021
-0.7043
-0.6995
-0.6998
-0.6992
-0.6967
-0.6964
-0.6987
-0.7028
-0.7045
-0.7068
-0.7053
-0.702
-0.6973
-0.694
-0.6941
-0.6909
-0.6897
-0.6893
-0.6871
-0.6873
-0.6832
-0.6827
-0.6849
-0.6826
-0.6821
-0.684
-0.6836
-0.6813
-0.6775
-0.6818
-0.68
-0.6787
-0.6803
-0.6843
-0.6896
-0.6918
-0.6944
-0.694
-0.6892
-0.684
-0.6838
-0.6808
-0.6799
-0.6833
-0.678
-0.6787
-0.6774
-0.6775
-0.6747
-0.6747
-0.6706
-0.6713
-0.6728
-0.6707
-0.6718
-0.6714
-0.6678
-0.6667
-0.668
-0.6646
-0.6683
-0.6755
-0.6797
-0.6807
-0.6764
-0.6763
-0.6727
-0.6709
-0.6702
-0.6662
-0.6659
-0.6678
-0.6667
-0.668
-0.6645
-0.6611
-0.661
-0.6581
-0.6568
-0.6589
-0.6559
-0.6515
-0.6541
-0.6529
-0.6528
-0.6532
-0.6509
-0.653
-0.6554
-0.6598
-0.6656
-0.6612
-0.6605
-0.6608
-0.6576
-0.6548
-0.652
-0.6526
-0.6511
-0.652
-0.6446
-0.648
-0.6443
-0.6435
-0.647
-0.6417
-0.6437
-0.6418
-0.6385
-0.6398
-0.6412
-0.6368
-0.6358
-0.6361
-0.6315
-0.6356
-0.6376
-0.6439
-0.6456
-0.6471
-0.6447
-0.6437
-0.6392
-0.6353
-0.6369
-0.6367
-0.6342
-0.6341
-0.6354
-0.6308
-0.6326
-0.6274
-0.6274
-0.6269
-0.6269
-0.6277
-0.6268
-0.6254
-0.6229
-0.6252
-0.6235
-0.6219
-0.6233
-0.6226
-0.6278
-0.6333
-0.6362
-0.6382
-0.6354
-0.6312
-0.6284
-0.6261
-0.626
-0.6217
-0.6222
-0.6235
-0.6263
-0.6213
-0.6199
-0.6152
-0.6191
-0.6174
-0.6139
-0.6149
-0.6158
-0.6105
-0.6156
-0.6107
-0.6111
-0.6098
-0.6097
-0.6098
-0.6174
-0.6227
-0.6255
-0.6251
-0.6249
-0.6244
-0.6226
-0.618
-0.6202
-0.6168
-0.6139
-0.6172
-0.616
-0.612
-0.61
-0.605
-0.605
-0.6007
-0.6026
-0.6011
-0.6017
-0.6014
-0.6003
-0.6019
-0.598
-0.5955
-0.601
-0.6037
-0.6099
-0.6128
-0.6131
-0.6144
-0.61
-0.6091
-0.6053
-0.6057
-0.6047
-0.6013
-0.6041
-0.6023
-0.6013
-0.6005
-0.5942
-0.5931
-0.5918
-0.5878
-0.5889
-0.5897
-0.584
-0.5821
-0.5847
-0.5812
-0.5816
-0.5817
-0.5845
-0.5897
-0.5954
-0.5977
-0.5983
-0.5966
-0.5948
-0.5908
-0.5898
-0.5875
-0.5889
-0.589
-0.5887
-0.5833
-0.5821
-0.5829
-0.5844
-0.5816
-0.5809
-0.5804
-0.5766
-0.5738
-0.5751
-0.5729
-0.5732
-0.5723
-0.5745
-0.5779
-0.5832
-0.5889
-0.591
-0.5879
-0.5885
-0.5873
-0.5834
-0.5796
-0.5821
-0.5784
-0.5864
-0.5863
-0.5803
-0.576
-0.5738
-0.5722
-0.5691
-0.566
-0.567
-0.5679
-0.5659
-0.5696
-0.5624
-0.5665
-0.5612
-0.5637
-0.5645
-0.5659
-0.5702
-0.5762
-0.5787
-0.576
-0.5785
-0.5814
-0.5767
-0.5706
-0.569
-0.5702
-0.5689
-0.5681
-0.5676
-0.568
-0.5661
-0.5639
-0.5618
-0.566
-0.5645
-0.5635
-0.5644
-0.5626
-0.5623
-0.5589
-0.5616
-0.559
-0.5595
-0.5665
-0.5753
-0.5745
-0.5778
-0.5785
-0.5761
-0.5735
-0.5734
-0.57
-0.5693
-0.571
-0.566
-0.569
-0.5646
-0.5602
-0.5615
-0.559
-0.5582
-0.5585
-0.5565
-0.5565
-0.5559
-0.5501
-0.5503
-0.555
-0.5505
-0.5489
-0.5488
-0.5572
-0.5637
-0.5692
-0.5683
-0.5681
-0.5684
-0.5604
-0.5637
-0.5578
-0.5593
-0.5594
-0.5577
-0.5593
-0.558
-0.5586
-0.5547
-0.5538
-0.5533
-0.5514
-0.5515
-0.5484
-0.5521
-0.5522
-0.5518
-0.5489
-0.5458
-0.5458
-0.5521
-0.5568
-0.5639
-0.5626
-0.5632
-0.5625
-0.5582
-0.5544
-0.5538
-0.5531
-0.5507
-0.5502
-0.5531
-0.5502
-0.5474
-0.5455
-0.5433
-0.5428
-0.5418
-0.5403
-0.5392
-0.5363
-0.5367
-0.5364
-0.5352
-0.532
-0.5352
-0.5369
-0.536
-0.5444
-0.5505
-0.5562
-0.5552
-0.5489
-0.5497
-0.5459
-0.5477
-0.5432
-0.5463
-0.5432
-0.543
-0.5433
-0.5392
-0.542
-0.5431
-0.5405
-0.5344
-0.535
-0.5334
-0.5349
-0.5304
-0.5298
-0.5314
-0.5312
-0.5285
-0.5284
-0.5351
-0.542
-0.5475
-0.5475
-0.5485
-0.5437
-0.5449
-0.5419
-0.5399
-0.5353
-0.537
-0.5361
-0.5312
-0.5356
-0.5325
-0.5312
-0.53
-0.5311
-0.5297
-0.5268
-0.527
-0.5229
-0.5221
-0.5219
-0.5247
-0.5202
-0.5201
-0.5258
-0.5333
-0.5383
-0.5416
-0.5411
-0.5375
-0.5362
-0.5309
-0.5355
-0.532
-0.5308
-0.5326
-0.5311
-0.5305
-0.5253
-0.5288
-0.5261
-0.5239
-0.5232
-0.5201
-0.5199
-0.5182
-0.5154
-0.5193
-0.5184
-0.5187
-0.5222
-0.5292
-0.5344
-0.5362
-0.533
-0.5314
-0.5282
-0.5251
-0.5204
-0.5218
-0.5207
-0.5197
-0.5169
-0.5199
-0.5166
-0.5161
-0.5125
-0.509
-0.5048
-0.5013
-0.4977
-0.4958
-0.491
-0.4945
-0.4951
-0.4927
-0.4911
-0.4892
-0.4976
-0.5062
-0.5121
-0.5118
-0.5119
-0.5093
-0.5079
-0.5069
-0.5024
-0.5008
-0.5011
-0.4996
-0.4968
-0.4943
-0.4939
-0.4888
-0.4872
-0.4869
-0.4875
-0.4876
-0.4853
-0.485
-0.4899
-0.4878
-0.4861
-0.4829
-0.4839
-0.4876
-0.4948
-0.5002
-0.4979
-0.4957
-0.4979
-0.4886
-0.4899
-0.4897
-0.4901
-0.492
-0.4915
-0.4908
-0.4905
-0.4888
-0.4851
-0.4874
-0.4825
-0.4843
-0.4833
-0.4816
-0.4813
-0.4808
-0.4781
-0.4813
-0.4772
-0.476
-0.4841
-0.4898
-0.4981
-0.4994
-0.5002
-0.4971
-0.4972
-0.5008
-0.4949
-0.493
-0.4932
-0.4919
-0.4934
-0.4914
-0.492
-0.4866
-0.4885
-0.4846
-0.4864
-0.483
-0.4819
-0.4844
-0.4843
-0.4857
-0.4792
-0.4806
-0.476
-0.4723
-0.4747
-0.4758
-0.4861
-0.494
-0.4953
-0.4951
-0.4949
-0.4929
-0.4931
-0.4893
-0.49
-0.4871
-0.4858
-0.4885
-0.4877
-0.4844
-0.4831
-0.4852
-0.4802
-0.4806
-0.4811
-0.4797
-0.4787
-0.4763
-0.4756
-0.4717
-0.4727
-0.4751
-0.4742
-0.4755
-0.4838
-0.49
-0.4933
-0.494
-0.49
-0.4889
-0.485
-0.4833
-0.4815
-0.4841
-0.4807
-0.4805
-0.4814
-0.4795
-0.473
-0.4703
-0.4697
-0.4687
-0.4668
-0.4649
-0.4654
-0.4656
-0.4638
-0.4606
-0.4598
-0.4587
-0.4556
-0.4622
-0.4695
-0.4795
-0.4839
-0.485
-0.4837
-0.4826
-0.479
-0.4768
-0.4771
-0.4753
-0.4734
-0.4742
-0.4718
-0.4722
-0.4698
-0.4684
-0.4673
-0.4691
-0.4672
-0.4662
-0.4649
-0.4683
-0.467
-0.4629
-0.4637
-0.4639
-0.4675
-0.4755
-0.4824
-0.4833
-0.4851
-0.4824
-0.4795
-0.4776
-0.4735
-0.4752
-0.4736
-0.4731
-0.4755
-0.475
-0.47
-0.4706
-0.4694
-0.4714
-0.4667
-0.4669
-0.4682
-0.4675
-0.4662
-0.4634
-0.4641
-0.4598
-0.4688
-0.4731
-0.4804
-0.4801
-0.4795
-0.4802
-0.4777
-0.4763
-0.4734
-0.4728
-0.472
-0.4679
-0.4714
-0.4692
-0.4697
-0.4678
-0.4662
-0.4642
-0.4618
-0.4625
-0.4646
-0.4638
-0.4601
-0.4554
-0.4576
-0.454
-0.4562
-0.4561
-0.4571
-0.466
-0.4756
-0.4769
-0.4802
-0.4766
-0.478
-0.4771
-0.4748
-0.4756
-0.4725
-0.4732
-0.4695
-0.4712
-0.4653
-0.467
-0.4629
-0.462
-0.4634
-0.4611
-0.4595
-0.4594
-0.4603
-0.4583
-0.4589
-0.4583
-0.4587
-0.4597
-0.469
-0.4774
-0.4798
-0.4805
-0.4766
-0.4769
-0.4728
-0.4697
-0.4705
-0.4691
-0.4706
-0.4689
-0.4709
-0.4645
-0.4654
-0.4645
-0.4592
-0.4605
-0.4609
-0.4602
-0.4601
-0.4592
-0.4573
-0.4567
-0.4578
-0.4574
-0.4726
-0.4755
-0.4764
-0.4824
-0.4788
-0.4748
-0.4723
-0.4717
-0.4689
-0.4697
-0.4715
-0.4673
-0.4672
-0.4673
-0.4644
-0.4632
-0.4617
-0.4624
-0.4552
-0.4553
-0.4553
-0.4567
-0.4563
-0.4537
-0.4525
-0.4541
-0.4515
-0.4563
-0.4672
-0.4731
-0.4744
-0.4744
-0.4755
-0.473
-0.475
-0.4725
-0.4669
-0.4676
-0.468
-0.4675
-0.4694
-0.4667
-0.4676
-0.4625
-0.463
-0.4638
-0.4609
-0.463
-0.4613
-0.4612
-0.4614
-0.4611
-0.4635
-0.4625
-0.4669
-0.4772
-0.4784
-0.4802
-0.4795
-0.4791
-0.474
-0.4719
-0.4702
-0.4701
-0.4681
-0.468
-0.4651
-0.4658
-0.4634
-0.4659
-0.4621
-0.4629
-0.4602
-0.4597
-0.4595
-0.4559
-0.4583
-0.4585
-0.4565
-0.4557
-0.4595
-0.4645
-0.4738
-0.4779
-0.4771
-0.4751
-0.4747
-0.4739
-0.4719
-0.4637
-0.4618
-0.4649
-0.4649
-0.4629
-0.4633
-0.4625
-0.4614
-0.4573
-0.4609
-0.4573
-0.4557
-0.4566
-0.4561
-0.4542
-0.4543
-0.4564
-0.4556
-0.4541
-0.4524
-0.4551
-0.4637
-0.4692
-0.4727
-0.475
-0.4719
-0.4709
-0.4684
-0.4651
-0.4682
-0.4673
-0.4679
-0.465
-0.4678
-0.4653
-0.4634
-0.4645
-0.4597
-0.4611
-0.4581
-0.4604
-0.4579
-0.4601
-0.4587
-0.4548
-0.4571
-0.4566
-0.4625
-0.47
-0.4761
-0.4798
-0.478
-0.4753
-0.4731
-0.4694
-0.4669
-0.4651
-0.4678
-0.4651
-0.4658
-0.466
-0.4617
-0.4628
-0.4573
-0.4595
-0.4562
-0.4528
-0.456
-0.4526
-0.4546
-0.4544
-0.4541
-0.4532
-0.4508
-0.4496
-0.4533
-0.4613
-0.4705
-0.4747
-0.4687
-0.4683
-0.4685
-0.4673
-0.4657
-0.4651
-0.4612
-0.4629
-0.4606
-0.4605
-0.4636
-0.4599
-0.4563
-0.4573
-0.4525
-0.4543
-0.455
-0.4531
-0.4537
-0.4532
-0.4504
-0.4526
-0.4486
-0.4518
-0.4614
-0.4676
-0.4701
-0.4709
-0.4698
-0.4669
-0.4661
-0.4672
-0.4663
-0.4651
-0.4607
-0.4615
-0.4618
-0.4596
-0.4592
-0.4593
-0.459
-0.4561
-0.4552
-0.4566
-0.4565
-0.4527
-0.4496
-0.4511
-0.4517
-0.4613
-0.4665
-0.4733
-0.4737
-0.4695
-0.468
-0.4681
-0.4673
-0.4604
-0.4612
-0.4597
-0.4595
-0.4592
-0.4605
-0.4558
-0.4523
-0.4553
-0.4499
-0.4515
-0.4509
-0.4534
-0.4507
-0.4498
-0.4467
-0.4474
-0.4467
-0.4487
-0.4457
-0.4532
-0.4601
-0.4658
-0.4692
-0.4675
-0.4684
-0.4675
-0.4656
-0.4615
-0.4594
-0.4587
-0.4601
-0.4601
-0.4594
-0.4579
-0.4565
-0.4551
-0.4567
-0.4545
-0.4544
-0.4534
-0.4521
-0.4514
-0.4491
-0.4497
-0.4488
-0.4491
-0.4493
-0.4484
-0.4573
-0.4653
-0.4667
-0.4675
-0.4611
-0.4627
-0.4597
-0.4568
-0.4568
-0.4554
-0.4555
-0.4553
-0.4548
-0.4545
-0.4524
-0.4523
-0.4474
-0.4479
-0.4471
-0.4474
-0.4451
-0.4485
-0.445
-0.4432
-0.4451
-0.4435
-0.4449
-0.4504
-0.4582
-0.4626
-0.4617
-0.4618
-0.4623
-0.4589
-0.4535
-0.4527
-0.4516
-0.4525
-0.4507
-0.452
-0.4524
-0.4506
-0.4472
-0.4466
-0.4443
-0.4423
-0.4404
-0.4433
-0.4413
-0.4405
-0.4408
-0.4389
-0.4374
-0.4363
-0.4382
-0.4369
-0.4485
-0.4567
-0.4623
-0.4586
-0.4561
-0.4575
-0.4548
-0.4505
-0.4512
-0.4489
-0.4537
-0.4477
-0.4492
-0.4468
-0.4431
-0.4429
-0.442
-0.4422
-0.4398
-0.4388
-0.44
-0.4389
-0.4371
-0.4399
-0.4396
-0.4386
-0.4496
-0.4526
-0.4567
-0.4564
-0.4537
-0.4528
-0.4526
-0.4465
-0.4482
-0.4462
-0.4448
-0.4473
-0.446
-0.4451
-0.4426
-0.4444
-0.4434
-0.4417
-0.444
-0.4398
-0.4377
-0.4377
-0.4385
-0.4365
-0.44
-0.4431
-0.4501
-0.4578
-0.4565
-0.4562
-0.4556
-0.4528
-0.4526
-0.447
-0.4479
-0.4476
-0.4466
-0.4496
-0.4478
-0.447
-0.4426
-0.4406
-0.441
-0.438
-0.44
-0.4387
-0.4357
-0.4363
-0.4336
-0.4339
-0.4339
-0.4335
-0.436
-0.4419
-0.454
-0.4535
-0.4542
-0.4525
-0.451
-0.449
-0.4481
-0.4479
-0.4437
-0.4464
-0.4474
-0.4472
-0.446
-0.4436
-0.4427
-0.4434
-0.4393
-0.4364
-0.4398
-0.439
-0.4348
-0.4341
-0.4313
-0.4321
-0.4366
-0.4371
-0.444
-0.4486
-0.4559
-0.451
-0.4542
-0.4492
-0.446
-0.4452
-0.4414
-0.4402
-0.4428
-0.4399
-0.439
-0.4416
-0.4387
-0.4379
-0.436
-0.4394
-0.4346
-0.4341
-0.436
-0.4324
-0.4332
-0.4318
-0.4313
-0.4391
-0.4431
-0.4469
-0.4467
-0.4474
-0.4446
-0.4463
-0.4439
-0.4402
-0.4423
-0.4411
-0.4369
-0.4386
-0.4341
-0.4324
-0.4312
-0.4321
-0.4286
-0.4258
-0.4296
-0.4303
-0.43
-0.4319
-0.4285
-0.4283
-0.43
-0.43
-0.4302
-0.4369
-0.4418
-0.4446
-0.4414
-0.4413
-0.4407
-0.4416
-0.4355
-0.4357
-0.4334
-0.4368
-0.4348
-0.4366
-0.4323
-0.4313
-0.4337
-0.4344
-0.4319
-0.4308
-0.4308
-0.4278
-0.4266
-0.431
-0.4272
-0.4263
-0.4264
-0.4234
-0.4305
-0.4394
-0.4446
-0.4463
-0.4463
-0.4443
-0.4447
-0.4435
-0.4363
-0.44
-0.439
-0.4371
-0.4389
-0.4382
-0.437
-0.4345
-0.4327
-0.4326
-0.4346
-0.4322
-0.4371
-0.4308
-0.4323
-0.4329
-0.4331
-0.4354
-0.4324
-0.4377
-0.4471
-0.4531
-0.4517
-0.4481
-0.4466
-0.4466
-0.4449
-0.4412
-0.4431
-0.4409
-0.4432
-0.444
-0.4438
-0.4414
-0.4396
-0.4395
-0.4398
-0.4362
-0.4385
-0.4357
-0.4384
-0.4351
-0.4354
-0.4374
-0.441
-0.4461
-0.4515
-0.4571
-0.455
-0.4481
-0.4493
-0.4514
-0.4462
-0.4468
-0.4451
-0.4457
-0.4448
-0.4405
-0.4413
-0.4423
-0.4363
-0.441
-0.4376
-0.4395
-0.4401
-0.4387
-0.4363
-0.4334
-0.4353
-0.4349
-0.432
-0.4363
-0.4479
-0.4523
-0.4531
-0.4518
-0.4565
-0.4543
-0.4546
-0.4481
-0.444
-0.4473
-0.4479
-0.4517
-0.4453
-0.4459
-0.4447
-0.4435
-0.444
-0.4424
-0.442
-0.4383
-0.4405
-0.438
-0.4377
-0.4346
-0.4374
-0.4393
-0.4385
-0.4461
-0.4537
-0.4565
-0.4559
-0.4518
-0.4534
-0.4521
-0.4513
-0.4466
-0.4481
-0.4445
-0.443
-0.4449
-0.4446
-0.442
-0.4431
-0.4395
-0.4418
-0.4383
-0.4406
-0.4398
-0.4382
-0.4364
-0.4361
-0.436
-0.4448
-0.4539
-0.4532
-0.451
-0.4498
-0.4449
-0.4485
-0.445
-0.4448
-0.4437
-0.4451
-0.443
-0.4443
-0.4431
-0.4416
-0.441
-0.4398
-0.4378
-0.4373
-0.4379
-0.4361
-0.4368
-0.4341
-0.4334
-0.4343
-0.4366
-0.4456
-0.4532
-0.4583
-0.456
-0.4521
-0.4498
-0.4514
-0.4457
-0.4463
-0.4443
-0.4435
-0.444
-0.4448
-0.4376
-0.4385
-0.4377
-0.4368
-0.4363
-0.4362
-0.4314
-0.4338
-0.4346
-0.4331
-0.4341
-0.4297
-0.4274
-0.4334
-0.4451
-0.4502
-0.4562
-0.4524
-0.4525
-0.4514
-0.4507
-0.4485
-0.4444
-0.4436
-0.4467
-0.4451
-0.4416
-0.4377
-0.4211
-0.3933
-0.3683
-0.3466
-0.3116
-0.2822
-0.2632
-0.2631
-0.2602
-0.2502
-0.2518
-0.2546
-0.256
-0.2551
-0.254
-0.2567
-0.2448
-0.2435
-0.2388
-0.2409
-0.238
-0.2363
-0.2385
-0.241
-0.2383
-0.239
-0.2401
-0.2382
-0.2408
-0.2383
-0.236
-0.2369
-0.2369
-0.2399
-0.236
-0.2371
-0.2363
-0.2398
-0.2364
-0.2384
-0.2379
-0.2344
-0.2396
-0.2355
-0.2369
-0.2364
-0.2333
-0.2354
-0.2338
-0.2383
-0.235
-0.235
-0.2368
-0.2373
-0.238
-0.2382
-0.2369
-0.237
-0.2361
-0.2386
-0.239
-0.2378
-0.2389
-0.2407
-0.2382
-0.2359
-0.2361
-0.2325
-0.234
-0.2348
-0.2377
-0.2325
-0.2368
-0.2381
-0.2327
-0.2326
-0.2354
-0.236
-0.2354
-0.2338
-0.2339
-0.2344
-0.2308
-0.2348
-0.2341
-0.2366
-0.238
-0.2356
-0.24
-0.2416
-0.2395
-0.24
-0.2449
-0.249
-0.2469
-0.2454
-0.2449
-0.245
-0.2435
-0.2474
-0.2515
-0.2477
-0.2479
-0.2478
-0.2455
-0.2455
-0.247
-0.2483
-0.2512
-0.2479
-0.2494
-0.2479
-0.249
-0.2508
-0.252
-0.2508
-0.2488
-0.2513
-0.2543
-0.2498
-0.2532
-0.2538
-0.252
-0.2549
-0.2547
-0.2549
-0.2546
-0.2584
-0.2522
-0.2554
-0.2547
-0.2528
-0.2569
-0.2582
-0.257
-0.2584
-0.2576
-0.2568
-0.256
-0.2569
-0.2582
-0.2606
-0.2584
-0.2565
-0.255
-0.2573
-0.2568
-0.2562
-0.257
-0.2595
-0.2579
-0.2582
-0.2567
-0.2595
-0.2598
-0.2599
-0.2579
-0.2599
-0.2609
-0.2564
-0.2562
-0.2574
-0.2607
-0.2564
-0.2571
-0.2577
-0.2591
-0.258
-0.2602
-0.259
-0.2574
-0.2613
-0.2607
-0.2618
-0.2595
-0.2608
-0.2606
-0.2601
-0.2606
-0.2617
-0.2618
-0.2592
-0.2592
-0.2631
-0.2601
-0.2586
-0.259
-0.2635
-0.2598
-0.2638
-0.262
-0.2626
-0.2612
-0.2652
-0.2639
-0.2632
-0.2645
-0.2629
-0.2646
-0.2651
-0.263
-0.2592
-0.2645
-0.265
-0.2632
-0.262
-0.2646
-0.2639
-0.2634
-0.2633
-0.267
-0.2657
-0.265
-0.2675
-0.2643
-0.2695
-0.2643
-0.2631
-0.2643
-0.2693
-0.2684
-0.2657
-0.2642
-0.2646
-0.2681
-0.2658
-0.2646
-0.2676
-0.2676
-0.2631
-0.265
-0.2682
-0.2662
-0.2682
-0.2671
-0.2672
-0.2692
-0.2654
-0.2653
-0.2664
-0.2709
-0.2673
-0.2673
-0.2648
-0.2734
-0.2752
-0.2723
-0.2669
-0.2726
-0.2659
-0.2525
-0.2754
-0.2548
-0.2776
-0.2728
-0.2751
-0.2706
-0.2761
-0.2767
-0.2733
-0.2757
-0.2754
-0.2718
-0.2717
-0.2741
-0.272
-0.2734
-0.2717
-0.2748
-0.2704
-0.2731
-0.2751
-0.2744
-0.2744
-0.2762
-0.275
-0.2736
-0.2737
-0.2737
-0.2764
-0.2749
-0.2776
-0.2763
-0.277
-0.2739
-0.283
-0.2915
-0.2946
-0.2856
-0.2814
-0.2975
-0.3034
-0.3084
-0.3035
-0.306
-0.3058
-0.3091
-0.3173
-0.3226
-0.3323
-0.3329
-0.3336
-0.3272
-0.3414
-0.3537
-0.3573
-0.3382
-0.3204
-0.3057
-0.3109
-0.3165
-0.3163
-0.3029
-0.2908
-0.3274
-0.4343
-0.6093
-0.6602
-0.6128
-0.5223
-0.4281
-0.3621
-0.3321
-0.3182
-0.3116
-0.315
-0.3151
-0.3149
-0.3105
-0.3463
-0.3766
-0.4155
-0.4464
-0.4441
-0.43
-0.4019
-0.3625
-0.3273
-0.3126
-0.3057
-0.298
-0.3
-0.3003
-0.2963
-0.2916
-0.2944
-0.2907
-0.2925
-0.3004
-0.3058
-0.3139
-0.3207
-0.3302
-0.343
-0.3583
-0.3873
-0.4001
-0.393
-0.3707
-0.3634
-0.3633
-0.3545
-0.353
-0.3545
-0.3582
-0.3701
-0.3655
-0.3613
-0.3699
-0.3824
-0.3925
-0.3917
-0.3854
-0.3859
-0.3973
-0.388
-0.3749
-0.3627
-0.3477
-0.3416
-0.3272
-0.3251
-0.3199
-0.3215
-0.3396
-0.3357
-0.3426
-0.3221
-0.3113
-0.2966
-0.2863
-0.28
-0.2741
-0.277
-0.2839
-0.2862
-0.2897
-0.2941
-0.2994
-0.3074
-0.3052
-0.3079
-0.3036
-0.3044
-0.301
-0.3104
-0.3097
-0.3063
-0.296
-0.2876
-0.2812
-0.2804
-0.2822
-0.2802
-0.2808
-0.274
-0.2662
-0.271
-0.2723
-0.2709
-0.2737
-0.2765
-0.2789
-0.274
-0.2832
-0.2823
-0.2914
-0.2938
-0.2935
-0.2974
-0.2919
-0.2878
-0.2837
-0.2819
-0.2815
-0.2751
-0.2706
-0.2665
-0.2668
-0.2648
-0.2622
-0.2646
-0.2607
-0.2631
-0.2612
-0.2607
-0.2607
-0.2623
-0.263
-0.2616
-0.2646
-0.263
-0.2678
-0.2655
-0.2689
-0.2645
-0.2647
-0.2683
-0.2657
-0.2687
-0.2687
-0.2668
-0.2695
-0.2682
-0.2715
-0.2743
-0.2734
-0.2724
-0.2689
-0.267
-0.272
-0.2664
-0.2658
-0.2673
-0.2671
-0.2678
-0.2662
-0.2684
-0.2645
-0.2711
-0.2664
-0.2654
-0.2677
-0.2681
-0.2679
-0.2631
-0.2685
-0.264
-0.2659
-0.2651
-0.2637
-0.2629
-0.2617
-0.2648
-0.2678
-0.262
-0.2654
-0.2642
-0.2671
-0.2651
-0.268
-0.2663
-0.2661
-0.2799
-0.2687
-0.2649
-0.2683
-0.2673
-0.2667
-0.2636
-0.2656
-0.2699
-0.2676
-0.2662
-0.2678
-0.2712
-0.2662
-0.2673
-0.2672
-0.268
-0.2691
-0.2726
-0.2717
-0.2704
-0.2748
-0.2775
-0.2803
-0.2814
-0.2767
-0.2783
-0.2792
-0.2775
-0.2743
-0.2784
-0.2771
-0.277
-0.2718
-0.2731
-0.2745
-0.2714
-0.2709
-0.2721
-0.2718
-0.2703
-0.272
-0.2715
-0.2682
-0.2685
-0.27
-0.2714
-0.2695
-0.2692
-0.2696
-0.2698
-0.2739
-0.2745
-0.2714
-0.2741
-0.2786
-0.2816
-0.2756
-0.2764
-0.2779
-0.2799
-0.2767
-0.2778
-0.2742
-0.2737
-0.2729
-0.2743
-0.2741
-0.2736
-0.2685
-0.2781
-0.2709
-0.2727
-0.2722
-0.2759
-0.2707
-0.2687
-0.2695
-0.2709
-0.2712
-0.2725
-0.2703
-0.2744
-0.2724
-0.2753
-0.2736
-0.2673
-0.2743
-0.2691
-0.2739
-0.2689
-0.2685
-0.2739
-0.2736
-0.2625
-0.2736
-0.2759
-0.2769
-0.2742
-0.2776
-0.2707
-0.2713
-0.2747
-0.2699
-0.2753
-0.2794
-0.273
-0.2772
-0.2687
-0.2712
-0.274
-0.2689
-0.2715
-0.2727
-0.2736
-0.2738
-0.2711
-0.283
-0.2704
-0.2758
-0.2814
-0.2782
-0.2727
-0.2771
-0.2753
-0.2726
-0.2675
-0.2777
-0.2668
-0.2732
-0.2807
-0.2952
-0.2577
-0.282
-0.3005
-0.2829
-0.41
-0.374
-0.845
-0.8456
-0.1882
-0.8705
-0.83
-0.8176
-0.3
0.1803
-0.6126
-0.3224
-0.3658
-0.965
-0.812
-0.5287
-0.7004
-0.5595
-0.8662
-0.5601
-0.4854
-0.7949
-0.5146
-0.9757
-0.2917
-0.5103
-0.849
-0.0525
-0.9757
-0.2959
-0.1098
-0.2241
-0.8365
-0.7956
-0.9757
-0.8243
-0.866
-0.8243
-0.3728
-0.8468
0.075
-0.3309
-0.5329
-0.8013
0.0028
0.1803
-0.5128
-0.7837
-0.9296
0.1271
-0.8164
-0.5493
-0.8466
-0.181
-0.8317
-0.0998
-0.8506
-0.7275
-0.4636
-0.4709
-0.4582
-0.8129
-0.8033
-0.2809
0.1803
-0.8428
-0.3447
-0.3117
-0.0495
-0.2482
-0.8005
-0.9072
-0.091
-0.2659
0.1803
-0.5375
-0.7842
-0.4933
-0.8516
-0.0825
-0.3217
-0.7999
-0.7422
-0.8114
-0.798
-0.4947
-0.8326
-0.9757
0.1803
-0.1068
-0.4612
-0.3389
-0.9757
-0.8597
-0.2672
-0.1176
-0.2651
-0.3931
-0.388
-0.4235
-0.8368
-0.5165
-0.858
-0.1714
-0.3679
-0.3671
-0.2265
-0.9337
-0.2881
-0.4139
-0.398
-0.3099
-0.2461
-0.225
-0.2382
-0.2667
-0.2968
-0.1753
-0.4131
-0.3661
-0.2734
-0.3093
-0.2827
-0.2795
-0.2931
-0.2894
-0.295
-0.2811
-0.2739
-0.2902
-0.2866
-0.2823
-0.2847
-0.2616
-0.2839
-0.2985
-0.2935
-0.2902
-0.3005
-0.3014
-0.2916
-0.2985
-0.2975
-0.2972
-0.2971
-0.2898
-0.295
-0.2909
-0.2933
-0.3009
-0.2748
-0.2851
-0.2988
-0.2978
-0.3538
-0.2803
-0.2443
-0.3413
-0.276
-0.2947
-0.8267
-0.813
0.0714
-0.8077
-0.4777
-0.7138
0.1803
-0.5245
0.1803
-0.3937
-0.8411
-0.4884
-0.3171
-0.2918
-0.3017
-0.3002
-0.2997
-0.2999
-0.2975
-0.2967
-0.297
-0.2961
-0.2979
-0.2987
-0.2994
-0.3035
-0.2967
-0.2958
-0.2984
-0.3035
-0.3062
-0.3065
-0.3065
-0.3079
-0.3082
-0.3082
-0.3097
-0.3069
-0.3069
-0.3082
-0.3092
-0.3087
-0.3099
-0.3106
-0.3083
-0.3085
-0.311
-0.3098
-0.3096
-0.3104
-0.3146
-0.3112
-0.3126
-0.3106
-0.3101
-0.3118
-0.3126
-0.3118
-0.3138
-0.3112
-0.3123
-0.3102
-0.3129
-0.3112
-0.3092
-0.3108
-0.3115
-0.3081
-0.3112
-0.3111
-0.3138
-0.3134
-0.3118
-0.3152
-0.3128
-0.3131
-0.3128
-0.314
-0.3135
-0.3165
-0.3171
-0.3168
-0.3179
-0.317
-0.3173
-0.3191
-0.3168
-0.317
-0.321
-0.3204
-0.3177
-0.317
-0.3213
-0.32
-0.3209
-0.3225
-0.3223
-0.3201
-0.3205
-0.3246
-0.326
-0.3249
-0.323
-0.3234
-0.3259
-0.3253
-0.3243
-0.3242
-0.3254
-0.322
-0.3232
-0.3242
-0.3259
-0.3248
-0.3258
-0.3257
-0.3282
-0.3267
-0.3274
-0.3253
-0.329
-0.3298
-0.3268
-0.3282
-0.329
-0.3274
-0.3289
-0.3301
-0.3293
-0.3301
-0.3316
-0.3296
-0.3326
-0.3278
-0.332
-0.3312
-0.3329
-0.3306
-0.3312
-0.3322
-0.3338
-0.3323
-0.3331
-0.3353
-0.3321
-0.3333
-0.3374
-0.3424
-0.3326
-0.3361
-0.3374
-0.3342
-0.3376
-0.3346
-0.3321
-0.3412
-0.325
-0.3315
-0.3282
-0.34
-0.3283
-0.3337
-0.3382
-0.3324
-0.3412
-0.3341
-0.3413
-0.3327
-0.3403
-0.338
-0.3357
-0.3348
-0.3341
-0.3356
-0.337
-0.3351
-0.338
-0.3331
-0.3328
-0.3356
-0.3334
-0.3369
-0.3349
-0.3345
-0.3397
-0.3335
-0.3328
-0.3298
-0.3351
-0.336
-0.3404
-0.3359
-0.3331
-0.3373
-0.3444
-0.3359
-0.3384
-0.3447
-0.3428
-0.3395
-0.3354
-0.3374
-0.3332
-0.3401
-0.3384
-0.3365
-0.3395
-0.3392
-0.3414
-0.3406
-0.3364
-0.339
-0.3383
-0.339
-0.3367
-0.3378
-0.3395
-0.3356
-0.3373
-0.3339
-0.3385
-0.3394
-0.3406
-0.3362
-0.3298
-0.3375
-0.3329
-0.3397
-0.3382
-0.3391
-0.3441
-0.3376
-0.3399
-0.335
-0.3418
-0.3422
-0.3418
-0.3394
-0.3449
-0.3424
-0.3427
-0.343
-0.347
-0.3455
-0.3376
-0.3397
-0.3392
-0.3273
-0.3342
-0.3448
-0.3406
-0.3388
-0.3383
-0.3359
-0.344
-0.3273
-0.335
-0.3362
-0.3437
-0.3438
-0.3447
-0.3477
-0.3515
-0.3463
-0.3458
-0.3421
-0.3456
-0.3465
-0.343
-0.3458
-0.3448
-0.3457
-0.3477
-0.3475
-0.3489
-0.3497
-0.3481
-0.3488
-0.3474
-0.3537
-0.3528
-0.3499
-0.3485
-0.3497
-0.352
-0.3561
-0.3537
-0.3522
-0.3514
-0.3511
-0.3506
-0.3528
-0.3476
-0.3492
-0.3472
-0.353
-0.35
-0.3508
-0.352
-0.3495
-0.3552
-0.3535
-0.3497
-0.3477
-0.351
-0.3507
-0.3495
-0.3502
-0.3478
-0.3503
-0.3489
-0.3491
-0.3486
-0.3502
-0.3488
-0.3469
-0.3488
-0.348
-0.35
-0.3511
-0.3468
-0.3453
-0.3464
-0.3483
-0.3469
-0.3482
-0.3469
-0.3448
-0.3476
-0.3491
-0.35
-0.3477
-0.3459
-0.3476
-0.348
-0.3473
-0.3473
-0.3478
-0.3469
-0.3488
-0.3472
-0.3481
-0.3492
-0.3484
-0.3482
-0.3502
-0.3499
-0.3506
-0.3477
-0.3473
-0.3473
-0.3487
-0.3513
-0.3505
-0.348
-0.3479
-0.3486
-0.347
-0.3473
-0.3486
-0.3492
-0.3501
-0.3503
-0.3491
-0.3513
-0.3491
-0.3494
-0.3495
-0.3492
-0.3468
-0.3526
-0.3511
-0.3496
-0.3496
-0.3491
-0.3514
-0.3485
-0.3492
-0.3488
-0.3507
-0.349
-0.3506
-0.3483
-0.3491
-0.3493
-0.35
-0.3503
-0.3511
-0.3496
-0.3497
-0.3506
-0.3503
-0.3509
-0.3506
-0.35
-0.3486
-0.3491
-0.3523
-0.3506
-0.3528
-0.3526
-0.3514
-0.352
-0.3523
-0.3522
-0.3527
-0.3514
-0.3521
-0.3508
-0.3504
-0.3509
-0.3528
-0.3516
-0.3499
-0.3509
-0.3532
-0.3516
-0.3513
-0.3508
-0.3505
-0.3523
-0.3518
-0.3522
-0.3511
-0.3492
-0.3513
-0.3533
-0.3508
-0.3516
-0.3524
-0.3517
-0.3527
-0.3517
-0.3525
-0.3504
-0.3506
-0.3522
-0.3543
-0.3551
-0.3562
-0.3562
-0.3557
-0.3539
-0.3569
-0.3537
-0.356
-0.356
-0.3563
-0.3569
-0.3553
-0.3555
-0.3534
-0.3561
-0.3588
-0.3573
-0.3555
-0.3562
-0.3562
-0.3574
-0.3583
-0.3588
-0.3589
-0.3594
-0.3589
-0.359
-0.3588
-0.3577
-0.3581
-0.3588
-0.3607
-0.3589
-0.3611
-0.3575
-0.3586
-0.3603
-0.3581
-0.3602
-0.3595
-0.3569
-0.3578
-0.3552
-0.3581
-0.3622
-0.3645
-0.3622
-0.3578
-0.358
-0.3641
-0.3627
-0.3622
-0.3614
-0.3638
-0.3608
-0.3621
-0.3621
-0.3616
-0.3618
-0.3581
-0.3616
-0.3614
-0.3611
-0.3597
-0.3621
-0.3591
-0.3604
-0.36
-0.3604
-0.3608
-0.3616
-0.3607
-0.3597
-0.36
-0.3622
-0.3567
-0.3597
-0.3593
-0.3597
-0.3599
-0.3568
-0.3588
-0.3595
-0.3564
-0.3567
-0.3549
-0.3566
-0.3534
-0.3514
-0.3533
-0.3531
-0.3531
-0.3538
-0.3544
-0.3531
-0.3528
-0.3569
-0.3534
-0.3552
-0.3546
-0.3555
-0.3547
-0.3561
-0.3539
-0.3551
-0.3536
-0.3557
-0.3527
-0.3545
-0.3534
-0.356
-0.3556
-0.355
-0.3553
-0.3528
-0.355
-0.3544
-0.3558
-0.355
-0.3556
-0.3552
-0.3545
-0.3528
-0.3558
-0.3564
-0.3567
-0.3593
-0.3585
-0.357
-0.3578
-0.3578
-0.3564
-0.3585
-0.3589
-0.3581
-0.358
-0.3567
-0.3574
-0.3582
-0.3586
-0.3608
-0.3599
-0.3583
-0.3588
-0.3601
-0.3592
-0.3572
-0.3577
-0.3588
-0.3599
-0.3596
-0.36
-0.3617
-0.3596
-0.3603
-0.3597
-0.3621
-0.3628
-0.364
-0.3634
-0.3653
-0.3643
-0.3627
-0.3635
-0.3645
-0.3648
-0.3614
-0.3645
-0.3639
-0.3629
-0.3635
-0.365
-0.3632
-0.3641
-0.3632
-0.3652
-0.3631
-0.3649
-0.3625
-0.3636
-0.366
-0.3631
-0.3643
-0.3637
-0.3637
-0.363
-0.3648
-0.3628
-0.3643
-0.3625
-0.3633
-0.364
-0.3616
-0.3648
-0.3633
-0.3644
-0.3632
-0.3636
-0.365
-0.3616
-0.3643
-0.3646
-0.3658
-0.3625
-0.3642
-0.3655
-0.3642
-0.3646
-0.3661
-0.3663
-0.3643
-0.3651
-0.3644
-0.3641
-0.3649
-0.3663
-0.3645
-0.3663
-0.364
-0.3666
-0.3657
-0.3661
-0.365
-0.3658
-0.3666
-0.3649
-0.3643
-0.3639
-0.3658
-0.3666
-0.3664
-0.3667
-0.3664
-0.3641
-0.3671
-0.3647
-0.3654
-0.3649
-0.3664
-0.366
-0.3659
-0.3666
-0.365
-0.3671
-0.3671
-0.3652
-0.3661
-0.3632
-0.367
-0.3666
-0.3669
-0.367
-0.3674
-0.366
-0.3645
-0.3661
-0.366
-0.3641
-0.3646
-0.3666
-0.365
-0.3665
-0.3682
-0.3671
-0.3657
-0.3682
-0.3677
-0.3671
-0.3671
-0.3671
-0.3686
-0.3672
-0.3686
-0.3693
-0.3698
-0.3685
-0.3709
-0.3683
-0.368
-0.3675
-0.3697
-0.3683
-0.3677
-0.3699
-0.369
-0.3705
-0.3683
-0.3731
-0.3713
-0.3663
-0.368
-0.3694
-0.3642
-0.3698
-0.3705
-0.3682
-0.3668
-0.3697
-0.3662
-0.3675
-0.3691
-0.3679
-0.3691
-0.3696
-0.3708
-0.3669
-0.366
-0.3667
-0.3665
-0.3649
-0.3663
-0.3699
-0.3686
-0.3654
-0.3668
-0.3683
-0.3701
-0.3687
-0.3686
-0.3678
-0.3704
-0.3683
-0.3691
-0.3688
-0.3697
-0.3686
-0.3685
-0.3671
-0.368
-0.3693
-0.3719
-0.3701
-0.3674
-0.3683
-0.3696
-0.368
-0.3688
-0.368
-0.3713
-0.3704
-0.3696
-0.371
-0.3705
-0.3724
-0.371
-0.3737
-0.3726
-0.3762
-0.3729
-0.372
-0.3712
-0.3749
-0.3741
-0.3744
-0.3744
-0.3738
-0.3741
-0.3748
-0.3737
-0.3777
-0.3733
-0.3749
-0.3757
-0.3743
-0.3755
-0.3754
-0.3774
-0.3781
-0.3763
-0.3772
-0.3758
-0.3779
-0.3765
-0.3765
-0.3779
-0.3796
-0.3777
-0.3785
-0.3776
-0.3805
-0.3779
-0.3813
-0.3816
-0.3814
-0.3816
-0.3818
-0.3824
-0.3839
-0.3842
-0.3852
-0.386
-0.3849
-0.3854
-0.3856
-0.386
-0.3843
-0.3872
-0.3852
-0.3872
-0.3871
-0.3861
-0.3871
-0.3881
-0.3868
-0.3881
-0.3863
-0.3897
-0.3876
-0.3907
-0.3917
-0.389
-0.3889
-0.3895
-0.3892
-0.3912
-0.3928
-0.3905
-0.3896
-0.3901
-0.3915
-0.3915
-0.3904
-0.3937
-0.3927
-0.393
-0.3931
-0.3904
-0.3947
-0.3937
-0.3954
-0.3942
-0.3946
-0.3959
-0.3947
-0.394
-0.395
-0.3989
-0.397
-0.3964
-0.3949
-0.3942
-0.3914
-0.395
-0.3941
-0.3964
-0.3975
-0.3952
-0.3977
-0.3964
-0.3967
-0.3961
-0.3965
-0.397
-0.3974
-0.3978
-0.3957
-0.3969
-0.3993
-0.3965
-0.3952
-0.3975
-0.3971
-0.3975
-0.3965
-0.3959
-0.3948
-0.3956
-0.399
-0.3974
-0.4001
-0.398
-0.3979
-0.3977
-0.3966
-0.3984
-0.3961
-0.3975
-0.399
-0.3989
-0.4001
-0.3984
-0.3985
-0.3992
-0.3964
-0.3988
-0.4
-0.3985
-0.4001
-0.3978
-0.3978
-0.3975
-0.3986
-0.3977
-0.3995
-0.3963
-0.3991
-0.3994
-0.3995
-0.3997
-0.3983
-0.398
-0.3979
-0.3964
-0.3986
-0.3976
-0.4
-0.3979
-0.3991
-0.4001
-0.4008
-0.3976
-0.3968
-0.4016
-0.3984
-0.3992
-0.3979
-0.3989
-0.4008
-0.399
-0.4018
-0.4006
-0.4009
-0.4026
-0.4009
-0.4025
-0.3996
-0.4012
-0.4008
-0.3998
-0.4037
-0.4031
-0.402
-0.4024
-0.4021
-0.403
-0.4024
-0.4037
-0.402
-0.4047
-0.4033
-0.4029
-0.4055
-0.4029
-0.4041
-0.4034
-0.403
-0.4059
-0.4051
-0.4045
-0.4059
-0.4045
-0.4047
-0.4017
-0.4039
-0.4027
-0.4061
-0.4061
-0.4034
-0.4021
-0.4045
-0.4029
-0.4075
-0.4072
-0.4055
-0.4029
-0.4064
-0.4042
-0.4049
-0.4033
-0.4042
-0.4059
-0.4042
-0.4044
-0.4044
-0.4081
-0.407
-0.406
-0.4072
-0.4069
-0.4043
-0.405
-0.4061
-0.4051
-0.4034
-0.4053
-0.4028
-0.4058
-0.4069
-0.4061
-0.4058
-0.4046
-0.4067
-0.4075
-0.4067
-0.4057
-0.405
-0.4074
-0.4069
-0.4042
-0.408
-0.4039
-0.4086
-0.4045
-0.4055
-0.4052
-0.4058
-0.4067
-0.4077
-0.4067
-0.405
-0.4067
-0.4045
-0.405
-0.4063
-0.4058
-0.4075
-0.4052
-0.4048
-0.4059
-0.4073
-0.4075
-0.4038
-0.4048
-0.4071
-0.4055
-0.4077
-0.4078
-0.4047
-0.4046
-0.4072
-0.408
-0.4031
-0.4083
-0.4069
-0.4086
-0.4078
-0.4077
-0.4048
-0.4089
-0.4072
-0.407
-0.4072
-0.4094
-0.4094
-0.4068
-0.4075
-0.4092
-0.4097
-0.4091
-0.4098
-0.4081
-0.408
-0.4069
-0.4081
-0.4098
-0.4079
-0.4072
-0.4091
-0.4084
-0.4086
-0.4098
-0.4094
-0.4097
-0.4082
-0.4066
-0.4102
-0.4096
-0.41
-0.4103
-0.4088
-0.4109
-0.4105
-0.408
-0.4089
-0.4109
-0.4111
-0.4102
-0.4112
-0.4129
-0.4091
-0.4122
-0.4103
-0.4131
-0.4116
-0.4119
-0.411
-0.4103
-0.4114
-0.4108
-0.4108
-0.4111
-0.4094
-0.4134
-0.4106
-0.4131
-0.4151
-0.4104
-0.4116
-0.4116
-0.4122
-0.4099
-0.4131
-0.4114
-0.4125
-0.4135
-0.4117
-0.4135
-0.4122
-0.4134
-0.4131
-0.4099
-0.4116
-0.4102
-0.4119
-0.4126
-0.4109
-0.4111
-0.412
-0.4109
-0.4112
-0.4128
-0.4127
-0.4094
-0.4128
-0.4098
-0.4143
-0.4144
-0.4123
-0.4152
-0.4149
-0.4131
-0.4109
-0.4145
-0.4136
-0.4111
-0.4114
-0.412
-0.414
-0.4125
-0.4125
-0.4131
-0.4135
-0.4106
-0.4133
-0.4124
-0.4118
-0.4129
-0.4144
-0.412
-0.4133
-0.4135
-0.4142
-0.4108
-0.4134
-0.4128
-0.414
-0.4136
-0.4115
-0.4134
-0.412
-0.4131
-0.4125
-0.4151
-0.413
-0.4117
-0.4165
-0.4145
-0.414
-0.4134
-0.4145
-0.4135
-0.4138
-0.4145
-0.414
-0.4126
-0.4142
-0.4119
-0.4127
-0.4142
-0.4158
-0.4139
-0.4135
-0.4119
-0.4123
-0.4123
-0.4113
-0.4117
-0.413
-0.4136
-0.4127
-0.4128
-0.4137
-0.4129
-0.4137
-0.4137
-0.4117
-0.4103
-0.4144
-0.4112
-0.4136
-0.4104
-0.4124
-0.4121
-0.4124
-0.4134
-0.4125
-0.414
-0.4124
-0.4114
-0.4138
-0.4145
-0.4139
-0.4131
-0.4133
-0.4117
-0.4123
-0.4116
-0.4119
-0.4113
-0.4093
-0.4107
-0.4122
-0.4123
-0.411
-0.4135
-0.4126
-0.4109
-0.4119
-0.4149
-0.4141
-0.4108
-0.411
-0.4119
-0.4116
-0.4108
-0.4133
-0.4111
-0.4133
-0.4117
-0.4112
-0.4136
-0.4102
-0.412
-0.4117
-0.4121
-0.4136
-0.413
-0.409
-0.4114
-0.4138
-0.4127
-0.4128
-0.4122
-0.411
-0.4136
-0.4134
-0.4131
-0.4127
-0.4132
-0.4114
-0.4133
-0.4153
-0.411
-0.413
-0.4124
-0.412
-0.4127
-0.4097
-0.4143
-0.4111
-0.414
-0.4141
-0.4131
-0.4135
-0.4134
-0.4128
-0.4134
-0.412
-0.4119
-0.4139
-0.4119
-0.4142
-0.4164
-0.413
-0.4147
-0.4141
-0.4137
-0.4142
-0.4144
-0.4116
-0.4134
-0.4144
-0.4158
-0.411
-0.4129
-0.412
-0.4125
-0.4143
-0.4142
-0.4146
-0.4144
-0.4142
-0.4131
-0.4142
-0.4146
-0.4142
-0.4142
-0.4147
-0.4145
-0.4132
-0.4154
-0.4153
-0.415
-0.4148
-0.4144
-0.4141
-0.4167
-0.4146
-0.4136
-0.4167
-0.4148
-0.4159
-0.4163
-0.4167
-0.4154
-0.4142
-0.4147
-0.4149
-0.415
-0.4148
-0.4131
-0.4141
-0.4177
-0.4135
-0.4156
-0.4183
-0.4155
-0.4172
-0.4148
-0.4147
-0.4167
-0.4144
-0.4134
-0.4156
-0.4154
-0.417
-0.4162
-0.4159
-0.4163
-0.4153
-0.4171
-0.4162
-0.4161
-0.4158
-0.4181
-0.4172
-0.4149
-0.4153
-0.4158
-0.4143
-0.4168
-0.4166
-0.4175
-0.4166
-0.4169
-0.4189
-0.4178
-0.4189
-0.4183
-0.4153
-0.4166
-0.4182
-0.4169
-0.417
-0.4157
-0.4189
-0.4179
-0.4177
-0.419
-0.4146
-0.4172
-0.4172
-0.4184
-0.4203
-0.4173
-0.4158
-0.4164
-0.4166
-0.418
-0.417
-0.4148
-0.4164
-0.4188
-0.4185
-0.4188
-0.4173
-0.4207
-0.4188
-0.4177
-0.4194
-0.4177
-0.4191
-0.4193
-0.4194
-0.4185
-0.4178
-0.4194
-0.4165
-0.42
-0.4195
-0.4211
-0.422
-0.424
-0.4214
-0.4215
-0.4236
-0.4224
-0.4201
-0.4146
-0.4143
-0.4143
-0.4156
-0.4145
-0.4129
-0.4167
-0.4132
-0.4144
-0.418
-0.4164
-0.4176
-0.4169
-0.4177
-0.4203
-0.4223
-0.4241
-0.422
-0.4239
-0.4234
-0.421
-0.4163
-0.4159
-0.4144
-0.4136
-0.4098
-0.4088
-0.4083
-0.4078
-0.4106
-0.4107
-0.4114
-0.4167
-0.4145
-0.4172
-0.4183
-0.418
-0.4181
-0.4192
-0.4203
-0.423
-0.4206
-0.42
-0.4224
-0.4225
-0.4192
-0.4189
-0.4101
-0.4115
-0.414
-0.4174
-0.412
-0.4239
-0.4106
-0.4194
-0.4204
-0.4207
-0.4187
-0.4197
-0.4181
-0.421
-0.4186
-0.4206
-0.418
-0.421
-0.4223
-0.4206
-0.42
-0.4218
-0.4205
-0.4206
-0.4187
-0.4186
-0.4226
-0.4202
-0.4214
-0.4192
-0.4213
-0.4217
-0.4213
-0.4198
-0.4188
-0.4211
-0.4205
-0.4211
-0.4202
-0.4217
-0.4216
-0.4194
-0.4196
-0.4204
-0.422
-0.4205
-0.4188
-0.4184
-0.4188
-0.4177
-0.4164
-0.4193
-0.4184
-0.4192
-0.4167
-0.42
-0.4161
-0.417
-0.4183
-0.4186
-0.419
-0.4211
-0.4158
-0.4174
-0.4172
-0.4171
-0.419
-0.4185
-0.4188
-0.4198
-0.4202
-0.4186
-0.4184
-0.4189
-0.4204
-0.4217
-0.4219
-0.4257
-0.4247
-0.4249
-0.4242
-0.4251
-0.4254
-0.4262
-0.4256
-0.4253
-0.4235
-0.4259
-0.4275
-0.4262
-0.4246
-0.4259
-0.4274
-0.424
-0.4258
-0.4282
-0.4277
-0.4284
-0.4292
-0.4286
-0.4265
-0.4252
-0.4253
-0.426
-0.4283
-0.4279
-0.4285
-0.4285
-0.4269
-0.426
-0.4275
-0.429
-0.4253
-0.4279
-0.428
-0.4283
-0.4288
-0.4304
-0.4262
-0.4265
-0.4277
-0.4291
-0.4299
-0.4285
-0.4314
-0.4296
-0.4283
-0.4313
-0.4305
-0.4299
-0.4291
-0.43
-0.4296
-0.4306
-0.4301
-0.4304
-0.4286
-0.4293
-0.4307
-0.4311
-0.4307
-0.429
-0.4309
-0.4299
-0.4282
-0.4313
-0.4298
-0.4314
-0.429
-0.4297
-0.4282
-0.4297
-0.4283
-0.43
-0.43
-0.43
-0.43
-0.4312
-0.4305
-0.4297
-0.4309
-0.433
-0.4316
-0.4329
-0.4275
-0.4304
-0.4329
-0.4293
-0.4312
-0.4311
-0.4307
-0.4308
-0.4329
-0.4336
-0.4321
-0.432
-0.4321
-0.4337
-0.4325
-0.434
-0.4349
-0.4327
-0.4334
-0.4332
-0.4327
-0.4346
-0.4322
-0.4338
-0.4361
-0.4354
-0.4379
-0.4346
-0.4363
-0.4358
-0.4363
-0.4358
-0.4343
-0.4336
-0.4363
-0.436
-0.4366
-0.4374
-0.4354
-0.4354
-0.4383
-0.4346
-0.4371
-0.4368
-0.4357
-0.4366
-0.4342
-0.4368
-0.4384
-0.4373
-0.439
-0.4379
-0.4358
-0.436
-0.4363
-0.4384
-0.4403
-0.438
-0.4376
-0.4391
-0.4374
-0.4398
-0.4373
-0.4391
-0.4391
-0.4362
-0.4392
-0.4374
-0.4388
-0.4388
-0.4389
-0.4394
-0.4393
-0.4405
-0.4379
-0.4399
-0.4396
-0.4379
-0.4395
-0.4379
-0.4378
-0.4363
-0.4383
-0.4383
-0.4377
-0.4379
-0.4413
-0.4397
-0.4386
-0.4402
-0.4392
-0.4376
-0.4396
-0.4387
-0.4376
-0.4402
-0.4398
-0.4392
-0.4392
-0.4383
-0.439
-0.4379
-0.4391
-0.4383
-0.4408
-0.4411
-0.439
-0.441
-0.4396
-0.4404
-0.4388
-0.4378
-0.4383
-0.4405
-0.4401
-0.4405
-0.4384
-0.4379
-0.4383
-0.438
-0.4379
-0.439
-0.4391
-0.4368
-0.4386
-0.4398
-0.4393
-0.4391
-0.4374
-0.4388
-0.4396
-0.4396
-0.4424
-0.4401
-0.4381
-0.4399
-0.4409
-0.4382
-0.4374
-0.4375
-0.4401
-0.4403
-0.439
-0.4383
-0.4398
-0.439
-0.4378
-0.442
-0.4396
-0.4394
-0.439
-0.4393
-0.4382
-0.4407
-0.4389
-0.4383
-0.4401
-0.4383
-0.4391
-0.4397
-0.4411
-0.4412
-0.4379
-0.4414
-0.4398
-0.4398
-0.4407
-0.4413
-0.4393
-0.4405
-0.4399
-0.4394
-0.4411
-0.4379
-0.4414
-0.4407
-0.4409
-0.4403
-0.4414
-0.4417
-0.4393
-0.4423
-0.4419
-0.4399
-0.4395
-0.4409
-0.4412
-0.4413
-0.4402
-0.4426
-0.4414
-0.4413
-0.44
-0.4431
-0.4402
-0.4413
-0.4416
-0.4432
-0.4416
-0.4418
-0.4437
-0.4409
-0.4427
-0.4387
-0.4422
-0.4405
-0.4413
-0.442
-0.4409
-0.4415
-0.4421
-0.4403
-0.4413
-0.4405
-0.4432
-0.4394
-0.4433
-0.4415
-0.4412
-0.4421
-0.4424
-0.4427
-0.4413
-0.441
-0.4414
-0.4424
-0.4421
-0.4428
-0.441
-0.443
-0.4437
-0.4412
-0.4438
-0.4427
-0.444
-0.4432
-0.4438
-0.4423
-0.4433
-0.4434
-0.4412
-0.4416
-0.4427
-0.4435
-0.4424
-0.4429
-0.4427
-0.4432
-0.4444
-0.4446
-0.4436
-0.4418
-0.4434
-0.4443
-0.442
-0.4429
-0.4414
-0.442
-0.4433
-0.4436
-0.4444
-0.4424
-0.4439
-0.4423
-0.4443
-0.442
-0.4435
-0.4424
-0.4432
-0.4443
-0.4438
-0.4432
-0.4443
-0.4419
-0.4429
-0.4435
-0.4434
-0.4423
-0.443
-0.4444
-0.4431
-0.4436
-0.4452
-0.4443
-0.4426
-0.4431
-0.4422
-0.4415
-0.4416
-0.4444
-0.4451
-0.4447
-0.443
-0.4444
-0.4431
-0.4425
-0.4431
-0.4429
-0.4443
-0.4433
-0.4427
-0.4415
-0.4449
-0.4411
-0.4435
-0.4432
-0.4469
-0.4453
-0.4461
-0.4463
-0.4445
-0.4467
-0.4459
-0.4441
-0.4447
-0.4433
-0.4434
-0.4447
-0.4452
-0.4438
-0.4426
-0.4448
-0.4418
-0.444
-0.4436
-0.4465
-0.4459
-0.4442
-0.4452
-0.4438
-0.4433
-0.4459
-0.4452
-0.4445
-0.4457
-0.4456
-0.4427
-0.4452
-0.4449
-0.4448
-0.4467
-0.4463
-0.4457
-0.4464
-0.4456
-0.4477
-0.4479
-0.4462
-0.4453
-0.448
-0.4463
-0.4451
-0.4478
-0.4457
-0.4483
-0.4477
-0.4453
-0.4482
-0.4479
-0.4485
-0.4496
-0.4448
-0.4471
-0.4492
-0.4481
-0.4464
-0.4481
-0.4459
-0.4467
-0.4473
-0.4466
-0.4453
-0.4477
-0.447
-0.447
-0.4481
-0.4472
-0.4484
-0.4456
-0.4463
-0.4474
-0.4463
-0.447
-0.4474
-0.4455
-0.4476
-0.4467
-0.4493
-0.4472
-0.4481
-0.4462
-0.4465
-0.4469
-0.4469
-0.4476
-0.4483
-0.4479
-0.4471
-0.447
-0.4449
-0.4476
-0.4462
-0.4476
-0.4463
-0.448
-0.4488
-0.4455
-0.4488
-0.4452
-0.4499
-0.448
-0.4467
-0.4476
-0.4488
-0.4476
-0.447
-0.4465
-0.4465
-0.4451
-0.4467
-0.446
-0.4478
-0.447
-0.4461
-0.4444
-0.4459
-0.4467
-0.4474
-0.447
-0.4455
-0.4466
-0.447
-0.4471
-0.4462
-0.4473
-0.4458
-0.4484
-0.4462
-0.4458
-0.4453
-0.4472
-0.4457
-0.4477
-0.4468
-0.4457
-0.4473
-0.448
-0.4465
-0.4494
-0.4483
-0.4486
-0.4483
-0.449
-0.4506
-0.4488
-0.4459
-0.4484
-0.4471
-0.4471
-0.4467
-0.4485
-0.4476
-0.4493
-0.4477
-0.4485
-0.4476
-0.4476
-0.4481
-0.4473
-0.4468
-0.4492
-0.4497
-0.4485
-0.4479
-0.4492
-0.4475
-0.4474
-0.4506
-0.4474
-0.4482
-0.4504
-0.4481
-0.4503
-0.4469
-0.4466
-0.4501
-0.4498
-0.4477
-0.4475
-0.4498
-0.4485
-0.4498
-0.4511
-0.4495
-0.4482
-0.4488
-0.4487
-0.447
-0.4498
-0.4495
-0.4484
-0.4487
-0.4506
-0.448
-0.4479
-0.4496
-0.4501
-0.4484
-0.4492
-0.4495
-0.451
-0.4492
-0.4497
-0.4489
-0.4498
-0.4498
-0.4494
-0.4492
-0.4491
-0.4502
-0.4511
-0.4507
-0.4507
-0.4496
-0.4491
-0.4458
-0.4489
-0.4522
-0.4531
-0.4484
-0.4518
-0.4499
-0.4509
-0.4503
-0.4512
-0.4487
-0.4504
-0.4499
-0.4488
-0.4498
-0.4495
-0.4531
-0.4504
-0.4484
-0.452
-0.4519
-0.4488
-0.451
-0.4498
-0.4526
-0.4498
-0.4507
-0.4496
-0.4518
-0.4515
-0.4514
-0.4519
-0.4515
-0.4507
-0.4516
-0.4496
-0.4539
-0.4516
-0.4516
-0.4493
-0.4495
-0.4523
-0.4494
-0.4507
-0.4492
-0.4525
-0.4515
-0.4493
-0.4521
-0.452
-0.4493
-0.4529
-0.4511
-0.4511
-0.45
-0.4484
-0.4496
-0.4523
-0.4515
-0.4521
-0.4501
-0.4531
-0.4512
-0.4515
-0.4514
-0.4543
-0.4527
-0.453
-0.4508
-0.4518
-0.4524
-0.452
-0.4535
-0.4525
-0.452
-0.4543
-0.4545
-0.4536
-0.4519
-0.4528
-0.4534
-0.4551
-0.4531
-0.452
-0.4537
-0.4524
-0.4506
-0.4536
-0.4526
-0.4523
-0.4534
-0.4498
-0.4503
-0.4507
-0.4524
-0.4521
-0.4521
-0.4538
-0.4531
-0.4541
-0.4524
-0.4546
-0.4523
-0.4526
-0.4532
-0.4548
-0.4512
-0.4528
-0.4543
-0.4513
-0.4554
-0.4535
-0.454
-0.4518
-0.4501
-0.452
-0.4525
-0.4531
-0.4531
-0.4547
-0.4539
-0.4546
-0.453
-0.4533
-0.4518
-0.4554
-0.4509
-0.455
-0.4509
-0.4551
-0.4526
-0.4515
-0.4534
-0.4546
-0.4542
-0.4529
-0.4551
-0.4517
-0.4546
-0.4532
-0.4556
-0.4514
-0.4528
-0.4551
-0.4543
-0.4555
-0.4535
-0.4553
-0.4549
-0.4541
-0.4524
-0.4515
-0.454
-0.4537
-0.454
-0.4522
-0.4543
-0.4539
-0.451
-0.4538
-0.4558
-0.4541
-0.4539
-0.4537
-0.4565
-0.4539
-0.458
-0.456
-0.4582
-0.4557
-0.4555
-0.456
-0.4581
-0.4581
-0.4566
-0.4554
-0.4539
-0.4581
-0.4595
-0.4593
-0.4591
-0.4589
-0.4583
-0.458
-0.4594
-0.4587
-0.4587
-0.4589
-0.4595
-0.4606
-0.4568
-0.4601
-0.4579
-0.4606
-0.4581
-0.4613
-0.4607
-0.4592
-0.4603
-0.4608
-0.4587
-0.4618
-0.4595
-0.4605
-0.4611
-0.4622
-0.4625
-0.462
-0.4603
-0.4601
-0.4636
-0.4613
-0.4622
-0.4623
-0.4628
-0.4649
-0.4644
-0.4639
-0.4635
-0.4628
-0.4612
-0.4627
-0.4636
-0.4622
-0.4579
-0.4582
-0.4603
-0.4595
-0.459
-0.4572
-0.4555
-0.4581
-0.4618
-0.4583
-0.4585
-0.4595
-0.4599
-0.4604
-0.4617
-0.4598
-0.458
-0.4607
-0.4614
-0.4653
-0.4639
-0.4663
-0.4657
-0.4622
-0.4642
-0.4644
-0.4636
-0.4642
-0.4629
-0.4628
-0.4648
-0.4626
-0.4643
-0.4639
-0.4651
-0.4653
-0.4648
-0.4652
-0.4665
-0.4647
-0.4664
-0.464
-0.4628
-0.4662
-0.4651
-0.4687
-0.4654
-0.4657
-0.4667
-0.465
-0.4658
-0.4643
-0.4653
-0.4652
-0.4669
-0.4655
-0.4668
-0.4694
-0.4692
-0.4665
-0.4699
-0.4657
-0.468
-0.4664
-0.4659
-0.4665
-0.4662
-0.467
-0.4686
-0.4648
-0.4681
-0.4667
-0.4686
-0.4699
-0.4673
-0.4664
-0.4676
-0.4675
-0.4668
-0.469
-0.4683
-0.4672
-0.4703
-0.4687
-0.4668
-0.4686
-0.4697
-0.4693
-0.466
-0.4692
-0.4689
-0.466
-0.4702
-0.4689
-0.468
-0.4677
-0.4694
-0.4712
-0.4698
-0.4686
-0.4705
-0.4683
-0.4678
-0.4689
-0.4687
-0.4678
-0.4675
-0.4694
-0.4692
-0.4703
-0.4664
-0.4703
-0.4691
-0.4722
-0.471
-0.4695
-0.4681
-0.4716
-0.4708
-0.4705
-0.4713
-0.4711
-0.4692
-0.4687
-0.4701
-0.4703
-0.4709
-0.4696
-0.4716
-0.4692
-0.47
-0.467
-0.4713
-0.4685
-0.4705
-0.4698
-0.4685
-0.4694
-0.4667
-0.4673
-0.4699
-0.4712
-0.4687
-0.4679
-0.4692
-0.469
-0.4675
-0.4694
-0.4702
-0.4701
-0.4687
-0.4679
-0.4705
-0.4687
-0.4716
-0.4696
-0.4701
-0.4692
-0.4674
-0.471
-0.4687
-0.4686
-0.4693
-0.4683
-0.4712
-0.4692
-0.469
-0.4691
-0.4687
-0.47
-0.4715
-0.4706
-0.4692
-0.4717
-0.4687
-0.4691
-0.4705
-0.4678
-0.4677
-0.4694
-0.4706
-0.468
-0.4678
-0.4706
-0.4696
-0.4731
-0.4694
-0.4715
-0.4716
-0.4701
-0.4697
-0.4692
-0.4712
-0.4685
-0.4712
-0.4711
-0.4699
-0.4693
-0.4684
-0.4708
-0.4714
-0.4691
-0.4703
-0.4702
-0.4709
-0.4706
-0.4699
-0.4678
-0.4712
-0.4709
-0.4692
-0.4695
-0.4692
-0.472
-0.4719
-0.4726
-0.4703
-0.4699
-0.4689
-0.4663
-0.4682
-0.4694
-0.4675
-0.4708
-0.4687
-0.4698
-0.4727
-0.4705
-0.47
-0.4711
-0.4711
-0.4733
-0.4712
-0.4692
-0.4706
-0.4708
-0.4716
-0.4708
-0.4713
-0.4711
-0.4687
-0.4714
-0.4701
-0.4723
-0.4716
-0.4701
-0.4717
-0.4705
-0.4722
-0.4722
-0.4713
-0.4733
-0.4735
-0.4712
-0.4711
-0.471
-0.4703
-0.4726
-0.4711
-0.473
-0.4711
-0.47
-0.4716
-0.47
-0.4736
-0.4733
-0.4719
-0.4728
-0.4716
-0.471
-0.4733
-0.4724
-0.4728
-0.4709
-0.4708
-0.4726
-0.4727
-0.4719
-0.4713
-0.4682
-0.4717
-0.4695
-0.4689
-0.4728
-0.4713
-0.4711
-0.4722
-0.4725
-0.4724
-0.4708
-0.47
-0.4731
-0.4691
-0.4717
-0.4723
-0.4698
-0.4717
-0.4681
-0.4716
-0.4686
-0.4719
-0.4725
-0.4722
-0.4722
-0.4698
-0.4709
-0.4708
-0.4691
-0.4699
-0.4711
-0.4726
-0.47
-0.4739
-0.4734
-0.4708
-0.4732
-0.4734
-0.4703
-0.4719
-0.4734
-0.4721
-0.4725
-0.4728
-0.4718
-0.4719
-0.4745
-0.472
-0.4733
-0.4728
-0.4706
-0.4727
-0.4714
-0.4705
-0.4726
-0.4736
-0.4712
-0.4728
-0.4738
-0.4732
-0.4738
-0.4728
-0.4739
-0.4722
-0.4723
-0.4702
-0.4722
-0.472
-0.472
-0.4717
-0.4706
-0.4746
-0.4722
-0.4722
-0.4741
-0.4723
-0.4739
-0.4714
-0.4722
-0.4726
-0.4698
-0.4735
-0.4697
-0.4681
-0.4727
-0.4748
-0.4711
-0.4711
-0.4725
-0.4708
-0.47
-0.4738
-0.47
-0.4723
-0.4719
-0.473
-0.4741
-0.4719
-0.4741
-0.4739
-0.4724
-0.4719
-0.4738
-0.4714
-0.4736
-0.4705
-0.4722
-0.4733
-0.4725
-0.4712
-0.4717
-0.4725
-0.4714
-0.4733
-0.4733
-0.4734
-0.4711
-0.4728
-0.4745
-0.4727
-0.4734
-0.4733
-0.4723
-0.4742
-0.4711
-0.4725
-0.4708
-0.474
-0.4746
-0.4729
