1549.169600
1549.169600
1549.168800
1549.168000
1549.168000
1549.167300
1549.167300
1549.167300
1549.166500
1549.166500
1549.166500
1549.165700
1549.165700
1549.165700
1549.165700
1549.165700
1549.165700
1549.165700
1549.165700
1549.164900
1549.164900
1549.164900
1549.164900
1549.164900
1549.164900
1549.164900
1549.164100
1549.164100
1549.163400
1549.163400
1549.162600
1549.162600
1549.162600
1549.161800
1549.161800
1549.161000
1549.161000
1549.161000
1549.161000
1549.163400
1549.165700
1549.168000
1549.169600
1549.171200
1549.172700
1549.173500
1549.174300
1549.174300
1549.175100
1549.175100
1549.175100
1549.174300
1549.174300
1549.174300
1549.174300
1549.174300
1549.174300
1549.174300
1549.174300
1549.173500
1549.173500
1549.173500
1549.173500
1549.172700
1549.172700
1549.172000
1549.172000
1549.171200
1549.171200
1549.171200
1549.171200
1549.171200
1549.171200
1549.171200
1549.171200
1549.171200
1549.171200
1549.171200
1549.171200
1549.171200
1549.170400
1549.170400
1549.170400
1549.170400
1549.169600
1549.169600
1549.169600
1549.168800
1549.168000
1549.168000
1549.168000
1549.167300
1549.167300
1549.166500
1549.166500
1549.165700
1549.165700
1549.165700
1549.164900
1549.164900
1549.164900
1549.164100
1549.164100
1549.164100
1549.164100
1549.163400
1549.163400
1549.163400
1549.162600
1549.162600
1549.161800
1549.161800
1549.161800
1549.161000
1549.161000
1549.160200
1549.160200
1549.161000
1549.162600
1549.164900
1549.167300
1549.168800
1549.170400
1549.172000
1549.172700
1549.173500
1549.173500
1549.174300
1549.174300
1549.174300
1549.174300
1549.174300
1549.174300
1549.174300
1549.174300
1549.174300
1549.174300
1549.174300
1549.174300
1549.174300
1549.174300
1549.174300
1549.174300
1549.173500
1549.173500
1549.172700
1549.172700
1549.172700
1549.172000
1549.172000
1549.172000
1549.172000
1549.172000
1549.172000
1549.172000
1549.172000
1549.172000
1549.172000
1549.171200
1549.171200
1549.171200
1549.171200
1549.170400
1549.170400
1549.170400
1549.169600
1549.169600
1549.169600
1549.168800
1549.168800
1549.168000
1549.168000
1549.167300
1549.167300
1549.166500
1549.166500
1549.165700
1549.165700
1549.165700
1549.164900
1549.164900
1549.164900
1549.164100
1549.164100
1549.163400
1549.163400
1549.163400
1549.162600
1549.162600
1549.161800
1549.161800
1549.161000
1549.161000
1549.160200
1549.160200
1549.159400
1549.159400
1549.159400
1549.160200
1549.162600
1549.164900
1549.166500
1549.168800
1549.170400
1549.171200
1549.172000
1549.172700
1549.172700
1549.172700
1549.173500
1549.173500
1549.173500
1549.173500
1549.173500
1549.173500
1549.173500
1549.173500
1549.173500
1549.173500
1549.173500
1549.173500
1549.173500
1549.173500
1549.173500
1549.172700
1549.172700
1549.172000
1549.172000
1549.172000
1549.172000
1549.171200
1549.171200
1549.171200
1549.171200
1549.171200
1549.171200
1549.171200
1549.171200
1549.171200
1549.170400
1549.170400
1549.170400
1549.170400
1549.170400
1549.169600
1549.169600
1549.169600
1549.168800
1549.168800
1549.168000
1549.168000
1549.167300
1549.167300
1549.166500
1549.166500
1549.165700
1549.165700
1549.165700
1549.164900
1549.164900
1549.164100
1549.164100
1549.164100
1549.163400
1549.163400
1549.163400
1549.162600
1549.162600
1549.162600
1549.161800
1549.161800
1549.161800
1549.161000
1549.161000
1549.160200
1549.160200
1549.159400
1549.159400
1549.159400
1549.158700
1549.158700
1549.157900
1549.157900
1549.157100
1549.157900
1549.160200
1549.162600
1549.164900
1549.167300
1549.168800
1549.170400
1549.171200
1549.172000
1549.172000
1549.172000
1549.172700
1549.172700
1549.172700
1549.172700
1549.172700
1549.172700
1549.172700
1549.172700
1549.172700
1549.172700
1549.172700
1549.172700
1549.172700
1549.172700
1549.172700
1549.172700
1549.172000
1549.172000
1549.172000
1549.172000
1549.171200
1549.171200
1549.171200
1549.171200
1549.171200
1549.171200
1549.171200
1549.171200
1549.171200
1549.171200
1549.170400
1549.170400
1549.170400
1549.170400
1549.170400
1549.169600
1549.169600
1549.169600
1549.168800
1549.168800
1549.168800
1549.168000
1549.168000
1549.167300
1549.167300
1549.167300
1549.166500
1549.166500
1549.165700
1549.165700
1549.164900
1549.164900
1549.164900
1549.164100
1549.164100
1549.163400
1549.163400
1549.163400
1549.162600
1549.162600
1549.161800
1549.161800
1549.161800
1549.161000
1549.161000
1549.160200
1549.160200
1549.160200
1549.159400
1549.159400
1549.159400
1549.158700
1549.158700
1549.157900
1549.157900
1549.157100
1549.156300
1549.156300
1549.155500
1549.155500
1549.154800
1549.154800
1549.154000
1549.154800
1549.157100
1549.160200
1549.163400
1549.165700
1549.167300
1549.168800
1549.170400
1549.171200
1549.171200
1549.172000
1549.172000
1549.172000
1549.172000
1549.172000
1549.172000
1549.172000
1549.172000
1549.172000
1549.172000
1549.172000
1549.172000
1549.172000
1549.172000
1549.172000
1549.172000
1549.172000
1549.172000
1549.172000
1549.171200
1549.171200
1549.171200
1549.171200
1549.171200
1549.171200
1549.171200
1549.170400
1549.170400
1549.170400
1549.170400
1549.170400
1549.170400
1549.170400
1549.170400
1549.169600
1549.169600
1549.169600
1549.168800
1549.168800
1549.168000
1549.168000
1549.167300
1549.167300
1549.167300
1549.166500
1549.166500
1549.166500
1549.165700
1549.165700
1549.164900
1549.164900
1549.164100
1549.164100
1549.163400
1549.163400
1549.163400
1549.162600
1549.162600
1549.161800
1549.161800
1549.161800
1549.161000
1549.161000
1549.160200
1549.160200
1549.159400
1549.159400
1549.158700
1549.158700
1549.157900
1549.157900
1549.157900
1549.157100
1549.157100
1549.156300
1549.156300
1549.155500
1549.155500
1549.154800
1549.154800
1549.154000
1549.154000
1549.153200
1549.153200
1549.152400
1549.152400
1549.151600
1549.151600
1549.151600
1549.154000
1549.157100
1549.160200
1549.163400
1549.165700
1549.167300
1549.168800
1549.169600
1549.170400
1549.170400
1549.171200
1549.171200
1549.171200
1549.171200
1549.171200
1549.171200
1549.171200
1549.171200
1549.171200
1549.171200
1549.171200
1549.171200
1549.171200
1549.171200
1549.171200
1549.171200
1549.170400
1549.170400
1549.169600
1549.169600
1549.168800
1549.168800
1549.168800
1549.168800
1549.168800
1549.168800
1549.168800
1549.168800
1549.168800
1549.168800
1549.168800
1549.168800
1549.168000
1549.168000
1549.168000
1549.168000
1549.167300
1549.167300
1549.166500
1549.166500
1549.165700
1549.165700
1549.165700
1549.164900
1549.164900
1549.164100
1549.164100
1549.163400
1549.163400
1549.162600
1549.162600
1549.161800
1549.161800
1549.161800
1549.161000
1549.161000
1549.160200
1549.160200
1549.160200
1549.160200
1549.159400
1549.159400
1549.159400
1549.158700
1549.158700
1549.158700
1549.157900
1549.157900
1549.157100
1549.157100
1549.157100
1549.156300
1549.156300
1549.155500
1549.155500
1549.154800
1549.154800
1549.154000
1549.154000
1549.153200
1549.153200
1549.152400
1549.153200
1549.154800
1549.157100
1549.160200
1549.163400
1549.164900
1549.167300
1549.168000
1549.168800
1549.169600
1549.169600
1549.170400
1549.170400
1549.170400
1549.170400
1549.170400
1549.170400
1549.170400
1549.170400
1549.170400
1549.170400
1549.171200
1549.171200
1549.171200
1549.171200
1549.170400
1549.170400
1549.170400
1549.169600
1549.169600
1549.169600
1549.169600
1549.168800
1549.169600
1549.168800
1549.169600
1549.169600
1549.169600
1549.169600
1549.169600
1549.168800
1549.168800
1549.168800
1549.168800
1549.168000
1549.168000
1549.168000
1549.167300
1549.167300
1549.167300
1549.166500
1549.166500
1549.165700
1549.165700
1549.164900
1549.164900
1549.164100
1549.164100
1549.163400
1549.163400
1549.163400
1549.162600
1549.162600
1549.162600
1549.161800
1549.161800
1549.161000
1549.161000
1549.161000
1549.160200
1549.160200
1549.159400
1549.159400
1549.159400
1549.158700
1549.158700
1549.158700
1549.157900
1549.157900
1549.157900
1549.157100
1549.157100
1549.157100
1549.156300
1549.155500
1549.155500
1549.155500
1549.154800
1549.154000
1549.154000
1549.153200
1549.153200
1549.154800
1549.157100
1549.160200
1549.163400
1549.165700
1549.167300
1549.168800
1549.169600
1549.170400
1549.170400
1549.171200
1549.171200
1549.171200
1549.171200
1549.171200
1549.171200
1549.171200
1549.172000
1549.172000
1549.171200
1549.171200
1549.171200
1549.171200
1549.171200
1549.171200
1549.171200
1549.171200
1549.171200
1549.170400
1549.170400
1549.170400
1549.170400
1549.169600
1549.169600
1549.169600
1549.169600
1549.169600
1549.169600
1549.169600
1549.169600
1549.169600
1549.169600
1549.169600
1549.168800
1549.168800
1549.168800
1549.168800
1549.168000
1549.168000
1549.167300
1549.167300
1549.167300
1549.166500
1549.166500
1549.166500
1549.165700
1549.165700
1549.164900
1549.164900
1549.164100
1549.164100
1549.164100
1549.163400
1549.163400
1549.163400
1549.162600
1549.162600
1549.162600
1549.162600
1549.161800
1549.161800
1549.161800
1549.161000
1549.161000
1549.161000
1549.160200
1549.160200
1549.160200
1549.159400
1549.159400
1549.159400
1549.158700
1549.158700
1549.157900
1549.157900
1549.157900
1549.157100
1549.157100
1549.156300
1549.156300
1549.155500
1549.155500
1549.154800
1549.154800
1549.155500
1549.157900
1549.160200
1549.163400
1549.165700
1549.167300
1549.168800
1549.170400
1549.171200
1549.171200
1549.172000
1549.172000
1549.172000
1549.172000
1549.172000
1549.172700
1549.172700
1549.172700
1549.172700
1549.172700
1549.172700
1549.172700
1549.172000
1549.172000
1549.172700
1549.172000
1549.172000
1549.172000
1549.172000
1549.171200
1549.171200
1549.171200
1549.171200
1549.171200
1549.171200
1549.171200
1549.171200
1549.171200
1549.170400
1549.171200
1549.170400
1549.170400
1549.170400
1549.170400
1549.170400
1549.169600
1549.169600
1549.169600
1549.168800
1549.168800
1549.168800
1549.168800
1549.168000
1549.168000
1549.168000
1549.167300
1549.167300
1549.167300
1549.166500
1549.166500
1549.166500
1549.165700
1549.165700
1549.165700
1549.164900
1549.164900
1549.164900
1549.164100
1549.164100
1549.164100
1549.163400
1549.163400
1549.163400
1549.162600
1549.162600
1549.162600
1549.161800
1549.161800
1549.161000
1549.161000
1549.160200
1549.160200
1549.160200
1549.159400
1549.159400
1549.158700
1549.158700
1549.157900
1549.157900
1549.157900
1549.157100
1549.157100
1549.156300
1549.156300
1549.157100
1549.158700
1549.161800
1549.164100
1549.166500
1549.168000
1549.169600
1549.171200
1549.171200
1549.172000
1549.172000
1549.172700
1549.172700
1549.172700
1549.172700
1549.172700
1549.172700
1549.172700
1549.173500
1549.173500
1549.173500
1549.173500
1549.173500
1549.173500
1549.173500
1549.173500
1549.173500
1549.173500
1549.172700
1549.172700
1549.172700
1549.172000
1549.172000
1549.172000
1549.172000
1549.172000
1549.172000
1549.172000
1549.172000
1549.172000
1549.172000
1549.172000
1549.172000
1549.172000
1549.172000
1549.171200
1549.171200
1549.171200
1549.171200
1549.170400
1549.170400
1549.170400
1549.169600
1549.169600
1549.169600
1549.168800
1549.168800
1549.168800
1549.168000
1549.168000
1549.167300
1549.167300
1549.167300
1549.166500
1549.166500
1549.166500
1549.165700
1549.165700
1549.165700
1549.164900
1549.164900
1549.164900
1549.164100
1549.164100
1549.163400
1549.163400
1549.163400
1549.162600
1549.162600
1549.162600
1549.161800
1549.161800
1549.161800
1549.161000
1549.161000
1549.161000
1549.160200
1549.160200
1549.159400
1549.159400
1549.158700
1549.158700
1549.158700
1549.157900
1549.158700
1549.159400
1549.161800
1549.164100
1549.166500
1549.168800
1549.170400
1549.171200
1549.172700
1549.172700
1549.173500
1549.173500
1549.173500
1549.173500
1549.173500
1549.173500
1549.173500
1549.173500
1549.173500
1549.173500
1549.173500
1549.173500
1549.173500
1549.173500
1549.173500
1549.173500
1549.173500
1549.173500
1549.172700
1549.172700
1549.172700
1549.172000
1549.172000
1549.172000
1549.172000
1549.172000
1549.172000
1549.172000
1549.172000
1549.172000
1549.172000
1549.172000
1549.172000
1549.172000
1549.172000
1549.171200
1549.171200
1549.171200
1549.171200
1549.170400
1549.170400
1549.170400
1549.170400
1549.169600
1549.169600
1549.169600
1549.169600
