1550.342400
1550.342400
1550.342133
1550.342000
1550.341920
1550.341867
1550.341829
1550.341800
1550.341778
1550.341760
1550.341673
1550.341600
1550.341538
1550.341486
1550.341440
1550.341333
1550.341227
1550.341173
1550.341173
1550.341173
1550.341120
1550.341067
1550.341013
1550.340960
1550.340907
1550.340907
1550.340907
1550.340907
1550.340907
1550.340907
1550.340907
1550.340907
1550.340907
1550.340853
1550.340800
1550.340800
1550.340800
1550.340800
1550.340747
1550.340693
1550.340640
1550.340587
1550.340533
1550.340533
1550.340533
1550.340587
1550.340640
1550.340747
1550.340853
1550.341007
1550.341160
1550.341313
1550.341467
1550.341673
1550.341880
1550.342087
1550.342293
1550.342500
1550.342653
1550.342807
1550.342907
1550.343007
1550.343007
1550.343007
1550.342960
1550.342913
1550.342867
1550.342820
1550.342773
1550.342727
1550.342680
1550.342633
1550.342587
1550.342540
1550.342493
1550.342447
1550.342400
1550.342400
1550.342400
1550.342400
1550.342400
1550.342400
1550.342400
1550.342400
1550.342400
1550.342400
1550.342400
1550.342400
1550.342400
1550.342400
1550.342400
1550.342400
1550.342400
1550.342400
1550.342347
1550.342293
1550.342293
1550.342240
1550.342187
1550.342187
1550.342187
1550.342133
1550.342133
1550.342133
1550.342080
1550.342080
1550.342027
1550.342027
1550.342027
1550.342027
1550.342027
1550.341973
1550.342027
1550.342080
1550.342080
1550.342080
1550.342133
1550.342133
1550.342133
1550.342187
1550.342187
1550.342240
1550.342287
1550.342333
1550.342487
1550.342640
1550.342847
1550.343000
1550.343207
1550.343413
1550.343620
1550.343827
1550.344087
1550.344347
1550.344607
1550.344867
1550.345127
1550.345393
1550.345660
1550.345873
1550.346033
1550.346193
1550.346353
1550.346460
1550.346567
1550.346673
1550.346780
1550.346833
1550.346887
1550.346940
1550.346993
1550.347047
1550.347047
1550.347047
1550.347047
1550.347100
1550.347047
1550.347047
1550.346993
1550.346993
1550.346940
1550.346940
1550.346887
1550.346833
1550.346780
1550.346780
1550.346727
1550.346673
1550.346620
1550.346567
1550.346513
1550.346513
1550.346460
1550.346407
1550.346300
1550.346247
1550.346140
1550.346087
1550.346033
1550.345980
1550.345873
1550.345820
1550.345713
1550.345607
1550.345500
1550.345393
1550.345287
1550.345180
1550.345127
1550.345020
1550.344967
1550.344860
1550.344753
1550.344647
1550.344540
1550.344433
1550.344327
1550.344273
1550.344220
1550.344113
1550.344007
1550.343900
1550.343847
1550.343793
1550.343847
1550.343847
1550.343953
1550.344060
1550.344220
1550.344380
1550.344540
1550.344700
1550.344860
1550.345020
1550.345233
1550.345447
1550.345660
1550.345820
1550.345980
1550.346087
1550.346247
1550.346353
1550.346460
1550.346513
1550.346567
1550.346620
1550.346673
1550.346727
1550.346780
1550.346833
1550.346887
1550.346887
1550.346940
1550.346993
1550.347047
1550.347047
1550.347047
1550.347047
1550.347047
1550.347047
1550.347047
1550.347047
1550.347047
1550.347047
1550.347047
1550.347047
1550.347100
1550.347100
1550.347100
1550.347100
1550.347100
1550.347100
1550.347100
1550.347100
1550.347100
1550.347100
1550.347047
1550.346993
1550.346940
1550.346887
1550.346833
1550.346780
1550.346727
1550.346673
1550.346620
1550.346567
1550.346513
1550.346460
1550.346407
1550.346353
1550.346300
1550.346300
1550.346300
1550.346300
1550.346300
1550.346300
1550.346300
1550.346247
1550.346193
1550.346140
1550.346087
1550.346033
1550.345980
1550.345927
1550.345873
1550.345820
1550.345767
1550.345713
1550.345660
1550.345660
1550.345660
1550.345713
1550.345820
1550.345973
1550.346180
1550.346387
1550.346593
1550.346800
1550.347007
1550.347213
1550.347420
1550.347627
1550.347833
1550.348040
1550.348193
1550.348347
1550.348447
1550.348547
1550.348600
1550.348600
1550.348600
1550.348600
1550.348600
1550.348547
1550.348493
1550.348440
1550.348387
1550.348333
1550.348280
1550.348227
1550.348173
1550.348120
1550.348067
1550.348013
1550.347960
1550.347860
1550.347760
1550.347660
1550.347613
1550.347567
1550.347520
1550.347473
1550.347427
1550.347380
1550.347333
1550.347287
1550.347240
1550.347193
1550.347147
1550.347100
1550.347047
1550.346993
1550.346940
1550.346887
1550.346833
1550.346780
1550.346727
1550.346673
1550.346620
1550.346567
1550.346513
1550.346407
1550.346353
1550.346300
1550.346247
1550.346193
1550.346140
1550.346087
1550.346033
1550.345980
1550.345927
1550.345873
1550.345820
1550.345767
1550.345713
1550.345660
1550.345607
1550.345500
1550.345393
1550.345287
1550.345233
1550.345180
1550.345127
1550.345020
1550.344913
1550.344807
1550.344700
1550.344593
1550.344487
1550.344380
1550.344273
1550.344220
1550.344167
1550.344167
1550.344220
1550.344273
1550.344380
1550.344487
1550.344700
1550.344913
1550.345127
1550.345387
1550.345647
1550.345907
1550.346167
1550.346427
1550.346687
1550.346947
1550.347153
1550.347307
1550.347460
1550.347560
1550.347660
1550.347707
1550.347753
1550.347800
1550.347800
1550.347800
1550.347800
1550.347800
1550.347800
1550.347800
1550.347800
1550.347800
1550.347800
1550.347853
1550.347853
1550.347907
1550.347907
1550.347960
1550.348013
1550.348067
1550.348120
1550.348120
1550.348173
1550.348227
1550.348280
1550.348333
1550.348387
1550.348440
1550.348440
1550.348440
1550.348440
1550.348493
1550.348440
1550.348387
1550.348333
1550.348280
1550.348280
1550.348227
1550.348127
1550.348073
1550.347973
1550.347873
1550.347773
1550.347673
1550.347627
1550.347527
1550.347427
1550.347380
1550.347333
1550.347287
1550.347240
1550.347140
1550.347040
1550.346987
1550.346887
1550.346833
1550.346780
1550.346727
1550.346673
1550.346620
1550.346513
1550.346407
1550.346300
1550.346193
1550.346087
1550.345980
1550.345927
1550.345820
1550.345713
1550.345607
1550.345500
1550.345393
1550.345287
1550.345180
1550.345073
1550.345020
1550.344967
1550.344860
1550.344753
1550.344700
1550.344647
1550.344647
1550.344753
1550.344860
1550.345020
1550.345180
1550.345340
1550.345500
1550.345707
1550.345913
1550.346120
1550.346327
1550.346540
1550.346753
1550.346913
1550.347073
1550.347180
1550.347233
1550.347287
1550.347287
1550.347287
1550.347287
1550.347333
1550.347333
1550.347333
1550.347333
1550.347333
1550.347380
1550.347427
1550.347473
1550.347473
1550.347473
1550.347473
1550.347473
1550.347473
1550.347473
1550.347473
1550.347373
1550.347273
1550.347173
1550.347073
1550.346973
1550.346873
1550.346773
1550.346673
1550.346620
1550.346567
1550.346513
1550.346460
1550.346407
1550.346353
1550.346300
1550.346247
1550.346193
1550.346140
1550.346087
1550.346033
1550.345980
1550.345927
1550.345820
1550.345713
1550.345607
1550.345500
1550.345393
1550.345287
1550.345180
1550.345073
1550.345020
1550.344967
1550.344913
1550.344860
1550.344807
1550.344753
1550.344700
1550.344700
1550.344700
1550.344700
1550.344700
1550.344700
1550.344647
1550.344593
1550.344540
1550.344487
1550.344433
1550.344380
1550.344327
1550.344273
1550.344220
1550.344167
1550.344113
1550.344060
1550.344007
1550.343953
1550.343953
1550.344060
1550.344167
1550.344327
1550.344487
1550.344700
1550.344913
1550.345127
1550.345340
1550.345553
1550.345767
1550.345980
1550.346193
1550.346407
1550.346620
1550.346827
1550.346933
1550.347087
1550.347140
1550.347240
1550.347287
1550.347333
1550.347380
1550.347427
1550.347473
1550.347520
1550.347567
1550.347613
1550.347660
1550.347707
1550.347707
1550.347753
1550.347753
1550.347800
1550.347800
1550.347800
1550.347800
1550.347800
1550.347800
1550.347800
1550.347800
1550.347800
1550.347800
1550.347800
1550.347800
1550.347800
1550.347753
1550.347707
1550.347660
1550.347613
1550.347567
1550.347520
1550.347473
1550.347427
1550.347380
1550.347333
1550.347287
1550.347240
1550.347140
1550.347040
1550.346940
1550.346887
1550.346833
1550.346780
1550.346727
1550.346673
1550.346620
1550.346567
1550.346513
1550.346460
1550.346407
1550.346300
1550.346193
1550.346140
1550.346087
1550.346033
1550.345980
1550.345927
1550.345873
1550.345820
1550.345767
1550.345660
1550.345553
1550.345447
1550.345340
1550.345233
1550.345180
1550.345127
1550.345073
1550.345020
1550.344967
1550.344967
1550.345020
1550.345073
1550.345180
1550.345287
1550.345493
1550.345700
1550.345907
1550.346167
1550.346427
1550.346687
1550.346947
1550.347207
1550.347467
1550.347727
1550.347933
1550.348087
1550.348240
1550.348340
1550.348440
1550.348493
1550.348547
1550.348600
1550.348600
1550.348600
1550.348600
1550.348600
1550.348600
1550.348547
1550.348493
1550.348440
1550.348387
1550.348333
1550.348280
1550.348227
1550.348173
1550.348120
1550.348067
1550.348013
1550.347960
1550.347907
1550.347807
1550.347753
1550.347753
1550.347753
1550.347753
1550.347707
1550.347660
1550.347613
1550.347567
1550.347520
1550.347473
1550.347427
1550.347380
1550.347333
1550.347287
1550.347287
1550.347187
1550.347087
1550.346987
1550.346887
1550.346833
1550.346780
1550.346727
1550.346673
1550.346620
1550.346567
1550.346513
1550.346460
1550.346407
1550.346353
1550.346247
1550.346193
1550.346140
1550.346087
1550.346033
1550.345980
1550.345927
1550.345873
1550.345820
1550.345767
1550.345660
1550.345607
1550.345500
1550.345447
1550.345340
1550.345287
1550.345233
1550.345180
1550.345127
1550.345073
1550.345020
1550.344967
1550.344913
1550.344860
1550.344860
1550.344967
1550.345020
1550.345180
1550.345287
1550.345493
1550.345700
1550.345907
1550.346113
1550.346320
1550.346527
1550.346733
1550.346940
1550.347147
1550.347353
1550.347507
1550.347607
1550.347707
1550.347753
1550.347800
1550.347800
1550.347800
1550.347800
1550.347800
1550.347800
1550.347800
1550.347800
1550.347753
1550.347707
1550.347660
1550.347613
1550.347567
1550.347520
1550.347473
1550.347427
1550.347380
1550.347333
1550.347287
1550.347240
1550.347193
1550.347147
1550.347100
1550.347100
1550.347100
1550.347100
1550.347100
1550.347100
1550.347100
1550.347100
1550.347047
1550.346993
1550.346993
1550.346940
1550.346887
1550.346833
1550.346780
1550.346727
1550.346673
1550.346620
1550.346567
1550.346513
1550.346407
1550.346353
1550.346247
1550.346193
1550.346140
1550.346033
1550.345980
1550.345927
1550.345873
1550.345820
1550.345767
1550.345713
1550.345660
1550.345607
1550.345553
1550.345553
1550.345447
1550.345447
1550.345393
1550.345340
1550.345287
1550.345233
1550.345180
1550.345127
1550.345073
1550.345020
1550.344967
1550.344860
1550.344753
1550.344647
1550.344540
1550.344487
1550.344433
1550.344433
1550.344487
1550.344593
1550.344700
1550.344860
1550.345020
1550.345180
1550.345387
1550.345547
1550.345760
1550.345973
1550.346187
1550.346400
1550.346613
1550.346773
1550.346933
1550.347040
1550.347093
1550.347147
1550.347147
1550.347147
1550.347147
1550.347100
1550.347100
1550.347100
1550.347100
1550.347100
1550.347100
1550.347100
1550.347100
1550.347100
1550.347100
1550.347100
1550.347100
1550.347100
1550.347100
1550.347100
1550.347100
1550.347100
1550.347100
1550.347047
1550.347047
1550.347047
1550.346993
1550.346940
1550.346887
1550.346833
1550.346780
1550.346727
1550.346620
1550.346513
1550.346407
1550.346300
1550.346193
1550.346087
1550.345980
1550.345820
1550.345660
1550.345553
1550.345447
1550.345340
1550.345233
1550.345127
1550.344967
1550.344860
1550.344753
1550.344647
1550.344540
1550.344433
1550.344327
1550.344220
1550.344113
1550.344007
1550.343900
1550.343793
1550.343640
1550.343487
1550.343333
1550.343233
1550.343133
1550.343033
1550.342880
1550.342727
1550.342573
1550.342420
1550.342320
1550.342220
1550.342120
1550.342020
1550.341920
1550.341813
1550.341707
1550.341600
1550.341493
1550.341440
1550.341387
1550.341440
1550.341493
1550.341593
1550.341693
1550.341793
1550.341893
1550.341993
1550.342093
1550.342193
1550.342347
1550.342500
1550.342653
1550.342807
1550.342907
1550.343007
1550.343053
1550.343100
1550.343100
1550.343100
1550.343053
1550.343007
1550.342960
1550.342913
1550.342867
1550.342820
1550.342773
1550.342727
1550.342680
1550.342580
1550.342480
1550.342433
1550.342333
1550.342233
1550.342133
1550.342080
1550.342027
1550.341973
1550.341920
1550.341867
1550.341813
1550.341760
1550.341707
1550.341653
1550.341653
1550.341653
1550.341600
1550.341547
1550.341547
1550.341493
