1549.169600
1549.169600
1549.169333
1549.169000
1549.168800
1549.168550
1549.168371
1549.168238
1549.168044
1549.167890
1549.167764
1549.167592
1549.167446
1549.167321
1549.167213
1549.166953
1549.166693
1549.166487
1549.166333
1549.166127
1549.165967
1549.165807
1549.165647
1549.165540
1549.165433
1549.165327
1549.165220
1549.165113
1549.164960
1549.164807
1549.164600
1549.164393
1549.164187
1549.163927
1549.163720
1549.163460
1549.163200
1549.162940
1549.162680
1549.162580
1549.162633
1549.162893
1549.163260
1549.163780
1549.164400
1549.165127
1549.165907
1549.166687
1549.167573
1549.168460
1549.169400
1549.170287
1549.171173
1549.172060
1549.172787
1549.173360
1549.173780
1549.174093
1549.174300
1549.174353
1549.174353
1549.174300
1549.174247
1549.174087
1549.173927
1549.173720
1549.173567
1549.173360
1549.173153
1549.172947
1549.172740
1549.172533
1549.172327
1549.172120
1549.171967
1549.171813
1549.171660
1549.171507
1549.171407
1549.171307
1549.171200
1549.171093
1549.171040
1549.170987
1549.170880
1549.170773
1549.170667
1549.170507
1549.170293
1549.170080
1549.169867
1549.169607
1549.169347
1549.169033
1549.168720
1549.168407
1549.168093
1549.167780
1549.167413
1549.167100
1549.166787
1549.166420
1549.166107
1549.165847
1549.165587
1549.165280
1549.165020
1549.164760
1549.164500
1549.164240
1549.163980
1549.163720
1549.163460
1549.163200
1549.162940
1549.162627
1549.162367
1549.162160
1549.162060
1549.162113
1549.162373
1549.162733
1549.163200
1549.163827
1549.164500
1549.165280
1549.166060
1549.166893
1549.167780
1549.168667
1549.169607
1549.170547
1549.171433
1549.172213
1549.172840
1549.173307
1549.173673
1549.173933
1549.174087
1549.174193
1549.174247
1549.174300
1549.174300
1549.174247
1549.174193
1549.174087
1549.173980
1549.173873
1549.173720
1549.173567
1549.173413
1549.173260
1549.173107
1549.172953
1549.172800
1549.172647
1549.172493
1549.172340
1549.172187
1549.172033
1549.171933
1549.171833
1549.171680
1549.171573
1549.171467
1549.171307
1549.171147
1549.170987
1549.170773
1549.170560
1549.170293
1549.170027
1549.169713
1549.169453
1549.169140
1549.168827
1549.168460
1549.168147
1549.167833
1549.167467
1549.167153
1549.166840
1549.166473
1549.166160
1549.165800
1549.165493
1549.165187
1549.164873
1549.164560
1549.164247
1549.163933
1549.163620
1549.163307
1549.162940
1549.162627
1549.162260
1549.161893
1549.161580
1549.161320
1549.161267
1549.161367
1549.161573
1549.161987
1549.162507
1549.163133
1549.163813
1549.164593
1549.165373
1549.166207
1549.167093
1549.168033
1549.168973
1549.169913
1549.170800
1549.171527
1549.172100
1549.172567
1549.172880
1549.173087
1549.173240
1549.173340
1549.173393
1549.173447
1549.173500
1549.173447
1549.173393
1549.173293
1549.173193
1549.173093
1549.172993
1549.172840
1549.172687
1549.172533
1549.172380
1549.172227
1549.172073
1549.171920
1549.171767
1549.171613
1549.171460
1549.171307
1549.171200
1549.171093
1549.170987
1549.170827
1549.170720
1549.170613
1549.170453
1549.170293
1549.170080
1549.169867
1549.169607
1549.169347
1549.169033
1549.168773
1549.168460
1549.168147
1549.167833
1549.167467
1549.167153
1549.166787
1549.166420
1549.166107
1549.165747
1549.165440
1549.165133
1549.164820
1549.164507
1549.164247
1549.163933
1549.163673
1549.163413
1549.163100
1549.162840
1549.162527
1549.162267
1549.161953
1549.161640
1549.161373
1549.161060
1549.160747
1549.160433
1549.160120
1549.159753
1549.159493
1549.159387
1549.159440
1549.159700
1549.160120
1549.160693
1549.161373
1549.162160
1549.163000
1549.163840
1549.164727
1549.165660
1549.166647
1549.167633
1549.168673
1549.169660
1549.170493
1549.171167
1549.171687
1549.172047
1549.172307
1549.172460
1549.172560
1549.172607
1549.172653
1549.172700
1549.172700
1549.172653
1549.172607
1549.172560
1549.172513
1549.172413
1549.172313
1549.172213
1549.172113
1549.172013
1549.171913
1549.171813
1549.171713
1549.171613
1549.171513
1549.171360
1549.171253
1549.171147
1549.171040
1549.170933
1549.170827
1549.170720
1549.170613
1549.170453
1549.170293
1549.170133
1549.169920
1549.169707
1549.169447
1549.169187
1549.168980
1549.168720
1549.168460
1549.168147
1549.167833
1549.167520
1549.167207
1549.166893
1549.166580
1549.166267
1549.165907
1549.165600
1549.165293
1549.164980
1549.164667
1549.164300
1549.163987
1549.163673
1549.163360
1549.163047
1549.162733
1549.162420
1549.162107
1549.161793
1549.161480
1549.161213
1549.160900
1549.160587
1549.160273
1549.159960
1549.159647
1549.159280
1549.158913
1549.158547
1549.158180
1549.157820
1549.157460
1549.157047
1549.156740
1549.156587
1549.156640
1549.156953
1549.157420
1549.158047
1549.158773
1549.159660
1549.160653
1549.161647
1549.162747
1549.163847
1549.164993
1549.166140
1549.167340
1549.168487
1549.169480
1549.170267
1549.170840
1549.171260
1549.171573
1549.171787
1549.171893
1549.171947
1549.172000
1549.172000
1549.172000
1549.172000
1549.172000
1549.171947
1549.171893
1549.171840
1549.171787
1549.171733
1549.171680
1549.171627
1549.171520
1549.171413
1549.171307
1549.171200
1549.171093
1549.170987
1549.170880
1549.170773
1549.170667
1549.170560
1549.170453
1549.170293
1549.170133
1549.169920
1549.169707
1549.169500
1549.169293
1549.169087
1549.168827
1549.168567
1549.168307
1549.167993
1549.167680
1549.167367
1549.167053
1549.166687
1549.166373
1549.166013
1549.165707
1549.165400
1549.165087
1549.164773
1549.164407
1549.164093
1549.163780
1549.163413
1549.163100
1549.162733
1549.162420
1549.162053
1549.161740
1549.161380
1549.161067
1549.160700
1549.160333
1549.160020
1549.159653
1549.159340
1549.158973
1549.158607
1549.158240
1549.157873
1549.157513
1549.157153
1549.156793
1549.156433
1549.156067
1549.155700
1549.155333
1549.154967
1549.154547
1549.154180
1549.153813
1549.153660
1549.153713
1549.154027
1549.154553
1549.155280
1549.156113
1549.157100
1549.158140
1549.159287
1549.160433
1549.161687
1549.162940
1549.164247
1549.165553
1549.166860
1549.168007
1549.168947
1549.169680
1549.170200
1549.170567
1549.170827
1549.170987
1549.171093
1549.171147
1549.171200
1549.171200
1549.171147
1549.171093
1549.170987
1549.170880
1549.170720
1549.170560
1549.170400
1549.170240
1549.170080
1549.169920
1549.169760
1549.169600
1549.169440
1549.169280
1549.169120
1549.169013
1549.168853
1549.168747
1549.168640
1549.168587
1549.168487
1549.168387
1549.168233
1549.168080
1549.167873
1549.167667
1549.167460
1549.167200
1549.166940
1549.166627
1549.166313
1549.166007
1549.165700
1549.165340
1549.164980
1549.164613
1549.164247
1549.163933
1549.163567
1549.163253
1549.162887
1549.162520
1549.162207
1549.161893
1549.161580
1549.161267
1549.161000
1549.160687
1549.160427
1549.160167
1549.159907
1549.159647
1549.159333
1549.159073
1549.158813
1549.158553
1549.158293
1549.157980
1549.157667
1549.157360
1549.157053
1549.156693
1549.156380
1549.156013
1549.155647
1549.155280
1549.154967
1549.154813
1549.154813
1549.155020
1549.155493
1549.156067
1549.156853
1549.157687
1549.158620
1549.159607
1549.160647
1549.161740
1549.162887
1549.164033
1549.165233
1549.166380
1549.167420
1549.168307
1549.168987
1549.169453
1549.169820
1549.170080
1549.170293
1549.170453
1549.170560
1549.170613
1549.170613
1549.170613
1549.170560
1549.170507
1549.170453
1549.170400
1549.170293
1549.170240
1549.170133
1549.170080
1549.169973
1549.169867
1549.169760
1549.169653
1549.169547
1549.169440
1549.169333
1549.169280
1549.169173
1549.169067
1549.168960
1549.168860
1549.168707
1549.168607
1549.168400
1549.168193
1549.167933
1549.167673
1549.167360
1549.167100
1549.166787
1549.166473
1549.166113
1549.165807
1549.165500
1549.165140
1549.164827
1549.164513
1549.164147
1549.163833
1549.163467
1549.163153
1549.162840
1549.162527
1549.162213
1549.161900
1549.161587
1549.161320
1549.161007
1549.160693
1549.160433
1549.160120
1549.159807
1549.159547
1549.159233
1549.158973
1549.158713
1549.158400
1549.158087
1549.157773
1549.157513
1549.157207
1549.156847
1549.156533
1549.156167
1549.155800
1549.155593
1549.155540
1549.155693
1549.156113
1549.156687
1549.157367
1549.158200
1549.159140
1549.160133
1549.161127
1549.162220
1549.163367
1549.164513
1549.165713
1549.166913
1549.168007
1549.168947
1549.169733
1549.170307
1549.170673
1549.170933
1549.171093
1549.171200
1549.171253
1549.171307
1549.171307
1549.171307
1549.171307
1549.171253
1549.171200
1549.171147
1549.171093
1549.170933
1549.170773
1549.170667
1549.170560
1549.170453
1549.170347
1549.170240
1549.170133
1549.170027
1549.169920
1549.169813
1549.169707
1549.169600
1549.169493
1549.169387
1549.169280
1549.169173
1549.169020
1549.168867
1549.168713
1549.168507
1549.168300
1549.168093
1549.167833
1549.167573
1549.167260
1549.167000
1549.166687
1549.166373
1549.166060
1549.165753
1549.165447
1549.165187
1549.164873
1549.164560
1549.164300
1549.164040
1549.163727
1549.163467
1549.163207
1549.162947
1549.162687
1549.162480
1549.162220
1549.161960
1549.161747
1549.161480
1549.161213
1549.161000
1549.160740
1549.160480
1549.160167
1549.159907
1549.159647
1549.159333
1549.159073
1549.158760
1549.158447
1549.158133
1549.157820
1549.157460
1549.157153
1549.156893
1549.156793
1549.156893
1549.157207
1549.157727
1549.158353
1549.159080
1549.159967
1549.160907
1549.161900
1549.162947
1549.164047
1549.165147
1549.166293
1549.167440
1549.168587
1549.169573
1549.170407
1549.171027
1549.171493
1549.171853
1549.172113
1549.172220
1549.172273
1549.172373
1549.172373
1549.172373
1549.172373
1549.172373
1549.172320
1549.172220
1549.172120
1549.172020
1549.171920
1549.171820
1549.171720
1549.171620
1549.171567
1549.171460
1549.171360
1549.171253
1549.171147
1549.171040
1549.170933
1549.170880
1549.170773
1549.170667
1549.170560
1549.170400
1549.170240
1549.170080
1549.169920
1549.169707
1549.169547
1549.169333
1549.169127
1549.168920
1549.168713
1549.168453
1549.168193
1549.167987
1549.167727
1549.167467
1549.167260
1549.167000
1549.166740
1549.166480
1549.166220
1549.165960
1549.165700
1549.165440
1549.165180
1549.164920
1549.164660
1549.164400
1549.164140
1549.163880
1549.163620
1549.163307
1549.163047
1549.162733
1549.162420
1549.162160
1549.161847
1549.161533
1549.161220
1549.160907
1549.160540
1549.160227
1549.159913
1549.159547
1549.159233
1549.158867
1549.158553
1549.158293
1549.158193
1549.158300
1549.158560
1549.159033
1549.159607
1549.160333
1549.161167
1549.162053
1549.162993
1549.163933
1549.164973
1549.166013
1549.167107
1549.168200
1549.169240
1549.170173
1549.170900
1549.171527
1549.171993
1549.172360
1549.172620
1549.172773
1549.172927
1549.173027
1549.173127
1549.173180
1549.173233
1549.173233
1549.173233
1549.173233
1549.173187
1549.173140
1549.173040
1549.172940
1549.172840
1549.172740
1549.172640
1549.172540
1549.172440
1549.172340
1549.172240
1549.172140
1549.172093
1549.172047
1549.171947
1549.171893
1549.171840
1549.171787
1549.171680
1549.171573
1549.171467
1549.171307
1549.171147
1549.170987
1549.170773
1549.170560
1549.170347
1549.170080
1549.169813
1549.169553
1549.169293
1549.169033
1549.168720
1549.168460
1549.168200
1549.167887
1549.167627
1549.167367
1549.167053
1549.166793
1549.166533
1549.166220
1549.165960
1549.165653
1549.165393
1549.165133
1549.164820
1549.164560
1549.164300
1549.163987
1549.163727
1549.163467
1549.163153
1549.162893
1549.162633
1549.162320
1549.162060
1549.161747
1549.161480
1549.161167
1549.160853
1549.160593
1549.160280
1549.160020
1549.159860
1549.159860
1549.160013
1549.160380
1549.160900
1549.161527
1549.162260
1549.163093
1549.163980
1549.164920
1549.165907
1549.166893
1549.167880
1549.168920
1549.169907
1549.170847
1549.171627
1549.172253
1549.172720
1549.173033
1549.173240
1549.173393
1549.173447
1549.173500
1549.173500
1549.173500
1549.173500
1549.173447
1549.173393
1549.173340
1549.173240
1549.173140
1549.173040
1549.172940
1549.172840
1549.172740
1549.172640
1549.172540
1549.172440
1549.172340
1549.172240
1549.172140
1549.172093
1549.172047
1549.171947
1549.171893
1549.171840
1549.171787
1549.171680
1549.171573
1549.171467
1549.171360
1549.171200
1549.171040
1549.170880
1549.170720
