14.459
14.489
14.519
14.552
14.579
14.607
14.637
14.667
14.696
14.727
14.755
14.785
14.815
14.844
14.874
14.905
14.934
14.972
14.992
15.022
15.052
15.086
15.111
15.14
15.17
15.201
15.232
15.259
15.288
15.318
15.348
15.377
15.408
15.441
15.468
15.496
15.525
15.555
15.585
15.614
15.646
15.673
15.703
15.733
15.763
15.796
15.821
15.851
15.881
15.912
15.941
15.971
15.999
16.029
16.059
16.088
16.118
16.147
16.177
16.206
16.236
16.266
16.295
16.325
16.355
16.384
16.413
16.443
16.472
16.502
16.532
16.562
16.592
16.621
16.651
16.68
16.71
16.743
16.771
16.799
16.829
16.858
16.888
16.919
16.948
16.977
17.007
17.036
17.066
17.095
17.126
17.158
17.184
17.214
17.244
17.273
17.303
17.332
17.362
17.392
17.421
17.451
17.48
17.516
17.541
17.569
17.598
17.628
17.657
17.687
17.718
17.747
17.777
17.806
17.836
17.869
17.894
17.924
17.953
17.984
18.013
18.042
18.073
18.103
18.134
18.162
18.191
18.221
18.251
18.28
18.313
18.339
18.368
18.398
18.428
18.458
18.488
18.516
18.547
18.579
18.605
18.636
18.666
18.694
18.728
18.753
18.783
18.813
18.842
18.872
18.902
18.932
18.962
18.991
19.021
19.05
19.079
19.109
19.139
19.168
19.198
19.227
19.257
19.287
19.317
19.347
19.376
19.406
19.435
19.464
19.494
19.524
19.555
19.583
19.614
19.642
19.672
19.702
19.731
19.761
19.79
19.82
19.85
19.888
19.91
19.94
19.969
19.998
20.028
20.057
20.087
20.116
20.146
20.175
20.205
20.236
20.264
20.294
20.324
20.353
20.383
20.412
20.443
20.473
20.501
20.533
20.561
20.59
20.62
20.648
20.68
20.709
20.738
20.768
20.799
20.827
20.857
20.886
20.916
20.946
20.978
21.005
21.035
21.067
21.095
21.123
21.153
21.183
21.212
21.242
21.273
21.301
21.331
21.36
21.39
21.419
21.448
21.478
21.508
21.537
21.568
21.599
21.627
21.657
21.687
21.716
21.749
21.775
21.804
21.834
21.863
21.893
21.923
21.953
21.983
22.012
22.042
22.072
22.101
22.13
22.16
22.19
22.22
22.249
22.279
22.309
22.338
22.367
22.396
22.426
22.457
22.487
22.517
22.546
22.575
22.608
22.634
22.664
22.694
22.722
22.753
22.783
22.812
22.842
22.871
22.9
22.93
22.959
22.989
23.019
23.049
23.079
23.108
23.138
23.168
23.196
23.226
23.256
23.285
23.315
23.345
23.374
23.405
23.434
23.463
23.494
23.522
23.552
23.582
23.611
23.646
23.671
23.7
23.73
23.759
23.789
23.819
23.848
23.878
23.909
23.938
23.968
23.996
24.027
24.057
24.085
24.115
24.145
24.174
24.204
24.233
24.263
24.296
24.322
24.353
24.381
24.411
24.441
24.47
24.5
24.53
24.559
24.589
24.618
24.65
24.678
24.707
24.737
24.766
24.796
24.826
24.856
24.886
24.915
24.944
24.974
25.003
25.033
25.063
25.092
25.122
25.152
25.182
25.211
25.241
25.27
25.3
25.329
25.359
25.388
25.42
25.448
25.479
25.507
25.537
25.566
25.595
25.624
25.655
25.685
25.716
25.744
25.774
25.803
25.834
25.862
25.891
25.921
25.951
25.98
26.01
26.044
26.075
26.104
26.13
26.159
26.188
26.218
26.246
26.276
26.307
26.336
26.365
26.395
26.425
26.464
26.485
26.514
26.543
26.572
26.602
26.632
26.661
26.691
26.722
26.751
26.78
26.81
26.84
26.87
26.904
26.929
26.96
26.998
27.018
27.059
27.076
27.106
27.135
27.167
27.2
27.229
27.258
27.283
27.313
27.344
27.372
27.402
27.432
27.461
27.492
27.531
27.551
27.581
27.609
27.64
27.669
27.698
27.728
27.757
27.787
27.817
27.847
27.876
27.906
27.936
27.965
27.995
28.024
28.054
28.085
28.115
28.143
28.172
28.203
28.232
28.261
28.291
28.32
28.35
28.38
28.409
28.44
28.468
28.499
28.528
28.557
28.587
28.617
28.646
28.676
28.705
28.736
28.765
28.795
28.824
28.854
28.883
28.913
28.942
28.972
29.002
29.031
29.064
29.091
29.12
29.15
29.179
29.209
29.238
29.27
29.298
29.327
29.358
29.386
29.417
29.446
29.474
29.504
29.534
29.564
29.594
29.623
29.654
29.684
29.712
29.742
29.771
29.801
29.831
29.86
29.89
29.919
29.949
29.979
30.008
30.038
30.067
30.097
30.127
30.156
30.186
30.219
30.244
30.276
30.305
30.335
30.364
30.393
30.423
30.452
30.482
30.514
30.542
30.576
30.603
30.629
30.659
30.688
30.718
30.75
30.778
30.808
30.837
30.866
30.898
30.925
30.955
30.984
31.014
31.044
31.075
31.104
31.134
31.168
31.193
31.222
31.251
31.282
31.31
31.341
31.37
31.4
31.43
31.459
31.489
31.52
31.548
31.577
31.606
31.637
31.666
31.695
31.725
31.756
31.785
31.815
31.843
31.876
31.903
31.937
31.962
31.991
32.021
32.052
32.08
32.11
32.141
32.169
32.199
32.228
32.258
32.288
32.317
32.347
32.377
32.407
32.438
32.465
32.495
32.534
32.554
32.585
32.613
32.643
32.673
32.703
32.733
32.761
32.791
32.821
32.851
32.881
32.91
32.939
32.971
32.998
33.028
33.058
33.087
33.117
33.146
33.176
33.206
33.235
33.272
33.296
33.324
33.354
33.382
33.414
33.443
33.472
33.503
33.533
33.562
33.591
33.62
33.65
33.68
33.71
33.739
33.769
33.798
33.828
33.857
33.889
33.917
33.946
33.976
34.006
34.035
34.065
34.101
34.124
34.154
34.182
34.212
34.242
34.271
34.302
34.332
34.361
34.391
34.42
34.451
34.48
34.508
34.538
34.569
34.599
34.628
34.658
34.687
34.717
34.747
34.776
34.807
34.834
34.864
34.895
34.924
34.954
34.984
35.013
35.043
35.073
35.101
35.132
35.16
35.191
35.221
35.252
35.289
35.31
35.339
35.369
35.398
35.427
35.457
35.487
35.517
35.547
35.575
35.606
35.635
35.665
35.694
35.723
35.753
35.783
35.812
35.842
35.872
35.902
35.932
35.96
35.99
36.02
36.05
36.08
36.11
36.138
36.168
36.198
36.227
36.257
36.287
36.316
36.346
36.375
36.409
36.435
36.464
36.494
36.525
36.553
36.583
36.613
36.643
36.672
36.705
36.732
36.761
36.791
36.822
36.85
36.879
36.909
36.938
36.968
36.998
37.027
37.063
37.088
37.116
37.146
37.175
37.205
37.235
37.266
37.294
37.324
37.353
37.384
37.412
37.442
37.472
37.501
37.531
37.561
37.59
37.621
37.649
37.679
37.711
37.738
37.768
37.797
37.827
37.857
37.886
37.916
37.95
37.975
38.007
38.034
38.065
38.094
38.123
38.153
38.182
38.212
38.242
38.271
38.301
38.331
38.36
38.39
38.419
38.449
38.479
38.508
38.538
38.568
38.597
38.627
38.656
38.685
38.715
38.745
38.775
38.805
38.834
38.864
38.893
38.923
38.953
38.982
39.013
39.046
39.073
39.101
39.134
39.16
39.191
39.219
39.249
39.279
39.307
39.338
39.368
39.401
39.431
39.456
39.486
39.516
39.545
39.575
39.604
39.634
39.664
39.693
39.729
39.751
39.782
39.812
39.84
39.87
39.899
39.93
39.959
39.988
40.019
40.048
40.078
40.108
40.136
40.166
40.195
40.228
40.255
40.288
40.314
40.343
40.374
40.403
40.432
40.462
40.492
40.524
40.552
40.581
40.616
40.641
40.673
40.699
40.732
40.758
40.788
40.819
40.849
40.877
40.908
40.936
40.968
40.995
41.025
41.057
41.084
41.113
41.143
41.173
41.202
41.232
41.264
41.292
41.321
41.351
41.38
41.409
41.439
41.469
41.5
41.528
41.558
41.587
41.617
41.646
41.676
41.708
41.743
41.765
41.794
41.827
41.854
41.883
41.913
41.943
41.972
42.002
42.032
42.061
42.091
42.12
42.151
42.18
42.208
42.238
42.268
42.298
42.328
42.357
42.387
42.417
42.447
42.477
42.505
42.535
42.565
42.595
42.624
42.653
42.683
42.713
42.742
42.772
42.801
42.83
42.861
42.892
42.921
42.951
42.982
43.009
43.039
43.068
43.098
43.13
43.157
43.191
43.216
43.246
43.275
43.312
43.335
43.365
43.396
43.424
43.452
43.483
43.513
43.542
43.572
43.602
43.631
43.662
43.691
43.72
43.75
43.779
43.808
43.838
43.869
43.9
43.929
43.957
43.987
44.016
44.045
44.076
44.105
44.135
44.164
44.193
44.224
44.254
44.282
44.312
44.341
44.372
44.403
44.433
44.462
44.49
44.52
44.549
44.579
44.608
44.638
44.669
44.698
44.737
44.757
44.787
44.817
44.845
44.875
44.905
44.934
44.964
44.994
45.023
45.063
45.082
45.112
45.142
45.171
45.201
45.231
45.261
45.29
45.32
45.35
45.379
45.41
45.438
45.468
45.497
45.527
45.558
45.587
45.616
45.646
45.675
45.706
45.734
45.764
45.794
45.823
45.854
45.882
45.912
45.942
45.972
46.001
46.031
46.06
46.09
46.119
46.149
46.179
46.208
46.244
46.268
46.297
46.328
46.356
46.386
46.416
46.445
46.475
46.507
46.534
46.564
46.593
46.624
46.653
46.682
46.712
46.742
46.771
46.801
46.83
46.86
46.89
46.919
46.949
46.979
47.008
47.039
47.072
47.101
47.127
47.157
47.186
47.216
47.245
47.274
47.305
47.336
47.368
47.394
47.423
47.453
47.484
47.512
47.542
47.57
47.6
47.631
47.663
47.691
47.72
47.756
47.78
47.809
47.838
47.868
47.897
47.927
47.957
47.986
48.016
48.045
48.077
48.107
48.133
48.163
48.193
48.224
48.253
48.283
48.311
48.342
48.371
48.401
48.43
48.459
48.489
48.519
48.548
48.579
48.616
48.638
48.667
48.697
48.726
48.755
48.785
48.816
48.845
48.875
48.904
48.934
48.965
48.992
49.022
49.052
49.081
49.116
49.14
49.171
49.2
49.229
49.26
49.289
49.318
49.348
49.377
49.408
49.439
49.466
49.504
49.527
49.556
49.586
49.614
49.644
49.674
49.704
49.734
49.765
49.792
49.822
49.852
49.882
49.91
49.94
49.97
50.0
50.031
50.059
50.088
50.118
50.148
50.178
50.207
50.236
50.266
50.296
50.326
50.355
50.384
50.414
50.444
50.474
50.504
50.534
50.562
50.592
50.621
50.651
50.684
50.71
50.74
50.77
50.799
50.829
50.858
50.888
50.918
50.947
50.977
51.006
51.037
51.066
51.095
51.125
51.155
51.184
51.214
51.243
51.273
51.303
51.332
51.362
51.392
51.421
51.451
51.484
51.51
51.54
51.572
51.599
51.629
51.659
51.688
51.717
51.747
51.777
51.806
51.836
51.865
51.895
51.925
51.954
51.984
52.012
52.042
52.077
52.102
52.132
52.162
52.191
52.221
52.25
52.28
52.31
52.339
52.371
52.399
52.429
52.458
52.487
52.517
52.546
52.575
52.606
52.636
52.665
52.695
52.732
52.754
52.784
52.814
52.843
52.873
52.902
52.933
52.96
52.991
53.021
53.055
53.08
53.111
53.139
53.168
53.198
53.227
53.259
53.287
53.316
53.347
53.376
53.406
53.435
53.464
53.494
53.523
53.555
53.583
53.612
53.644
53.671
53.701
53.731
53.76
53.791
53.82
53.85
53.879
53.909
53.938
53.969
53.997
54.027
54.057
54.086
54.116
54.146
54.175
54.205
54.235
54.265
54.294
54.323
54.353
54.383
54.412
54.449
54.472
54.502
54.535
54.561
54.59
54.62
54.649
54.679
54.708
54.74
54.771
54.799
54.837
54.856
54.887
54.916
54.945
54.976
55.005
55.034
55.064
55.096
55.123
55.153
55.182
55.213
55.242
55.272
55.301
55.33
55.361
55.39
55.419
55.449
55.478
55.508
55.537
55.567
55.596
55.626
55.658
55.691
55.715
55.745
55.775
55.804
55.834
55.863
55.893
55.928
55.952
55.982
56.011
56.041
56.071
56.1
56.13
56.16
56.189
56.219
56.249
56.278
56.313
56.337
56.367
56.397
56.426
56.456
56.486
56.515
56.545
56.574
56.604
56.634
56.663
56.693
56.723
56.751
56.781
56.812
56.843
56.871
56.901
56.93
56.96
56.988
57.018
57.048
57.077
57.108
57.138
57.167
57.197
57.226
57.257
57.286
57.314
57.344
57.373
57.403
57.433
57.462
57.492
57.524
57.555
57.581
57.611
57.64
57.67
57.7
57.732
57.76
57.788
57.819
57.851
57.877
57.907
57.936
57.966
57.998
58.028
58.056
58.085
58.114
58.145
58.174
58.203
58.233
58.262
58.293
58.322
58.352
58.381
58.411
58.441
58.472
58.499
58.529
58.559
58.589
58.619
58.648
58.677
58.707
58.737
58.766
58.796
58.825
58.855
58.885
58.914
58.944
58.974
59.004
59.034
59.062
59.092
59.122
59.152
59.181
59.21
59.24
59.27
59.299
59.329
59.363
59.388
59.418
59.45
59.477
59.507
59.536
59.566
59.595
59.625
59.655
59.684
59.714
59.744
59.773
59.803
59.832
59.862
59.892
59.924
59.951
59.98
60.01
60.04
60.069
60.099
60.128
60.158
60.19
60.221
60.247
60.277
60.306
60.336
60.368
60.395
60.425
60.454
60.484
60.514
60.544
60.573
60.602
60.632
60.664
60.691
60.721
60.756
60.78
60.815
60.838
60.868
60.898
60.927
60.958
60.987
61.017
61.047
61.076
61.106
61.135
61.164
61.194
61.225
61.254
61.283
61.312
61.351
61.372
61.402
61.432
61.462
61.49
61.521
61.55
61.58
61.61
61.639
61.669
61.699
61.728
61.758
61.787
61.816
61.847
61.875
61.907
61.934
61.968
61.994
62.024
62.053
62.083
62.112
62.143
62.172
62.209
62.231
62.26
62.29
62.322
62.349
62.379
62.408
62.439
62.469
62.498
62.527
62.557
62.586
62.616
62.645
62.675
62.705
62.736
62.765
62.794
62.827
62.853
62.882
62.912
62.942
62.971
63.001
63.034
63.06
63.09
63.119
63.149
63.18
63.208
63.238
63.267
63.297
63.331
63.357
63.387
63.423
63.445
63.476
63.504
63.534
63.564
63.593
63.623
63.653
63.682
63.712
63.741
63.771
63.801
63.83
63.86
63.889
63.92
63.95
63.978
64.008
64.038
64.067
64.098
64.126
64.156
64.187
64.215
64.245
64.274
64.304
64.334
64.363
64.393
64.423
64.452
64.482
64.511
64.544
64.571
64.6
64.63
64.66
64.689
64.719
64.748
64.778
64.812
64.837
64.867
64.897
64.926
64.956
64.987
65.014
65.044
65.074
65.104
65.134
65.163
65.196
65.223
65.252
65.286
65.312
65.34
65.37
65.399
65.43
65.46
65.489
65.519
65.548
65.58
65.608
65.637
65.667
65.696
65.725
65.755
65.785
65.815
65.845
65.874
65.904
65.933
65.962
65.993
66.022
66.052
66.088
66.111
66.141
66.17
66.199
66.23
66.258
66.289
66.319
66.348
66.378
66.407
66.437
66.467
66.495
66.525
66.554
66.587
66.616
66.643
66.68
66.703
66.734
66.763
66.791
66.821
66.852
66.882
66.91
66.945
66.969
66.999
67.029
67.058
67.088
67.117
67.149
67.178
67.207
67.236
67.265
67.295
67.327
67.354
67.384
67.414
67.443
67.474
67.502
67.536
67.562
67.592
67.622
67.65
67.68
67.71
67.739
67.769
67.799
67.828
67.858
67.887
67.918
67.947
67.976
68.006
68.035
68.066
68.096
68.124
68.154
68.196
68.214
68.243
68.272
68.302
68.332
68.364
68.391
68.421
68.452
68.48
68.511
68.539
68.569
68.598
68.628
68.66
68.687
68.717
68.748
68.779
68.806
68.835
68.865
68.894
68.924
68.954
68.983
69.013
69.042
69.076
69.102
69.131
69.162
69.191
69.219
69.25
69.279
69.309
69.339
69.373
69.398
69.429
69.457
69.487
69.516
69.546
69.576
69.605
69.635
69.666
69.694
69.724
69.753
69.783
69.813
69.842
69.872
69.902
69.931
69.961
69.989
70.02
70.051
70.078
70.108
70.139
70.169
70.199
70.227
70.257
70.286
70.316
70.347
70.374
70.404
70.436
70.464
70.494
70.524
70.553
70.583
70.612
70.641
70.671
70.7
70.731
70.761
70.789
70.819
70.849
70.879
70.909
70.938
70.968
70.996
71.027
71.06
71.085
71.116
71.145
71.175
71.205
71.233
71.263
71.293
71.323
71.352
71.385
71.411
71.442
71.47
71.501
71.53
71.559
71.589
71.619
71.649
71.685
71.707
71.74
71.766
71.798
71.827
71.855
71.885
71.915
71.944
71.975
72.004
72.033
72.064
72.092
72.125
72.153
72.181
72.212
72.24
72.271
72.3
72.329
72.359
72.396
72.418
72.448
72.477
72.507
72.541
72.57
72.601
72.626
72.656
72.685
72.714
72.745
72.774
72.803
72.833
72.863
72.892
72.922
72.952
72.981
73.012
73.04
73.07
73.1
73.132
73.159
73.189
73.226
73.248
73.277
73.307
73.337
73.366
73.4
73.426
73.455
73.485
73.515
73.555
73.575
73.604
73.633
73.663
73.692
73.722
73.752
73.781
73.811
73.841
73.87
73.901
73.928
73.958
73.989
74.018
74.057
74.078
74.107
74.137
74.168
74.196
74.226
74.255
74.289
74.314
74.343
74.373
74.403
74.433
74.463
74.491
74.522
74.551
74.58
74.61
74.641
74.67
74.7
74.728
74.759
74.789
74.818
74.848
74.878
74.907
74.937
74.966
74.996
75.026
75.056
75.085
75.114
75.144
75.174
75.203
75.232
75.262
75.291
75.322
75.351
75.382
75.41
75.44
75.47
75.5
75.529
75.559
75.588
75.617
75.647
75.677
75.706
75.736
75.766
75.796
75.825
75.854
75.885
75.915
75.944
75.973
76.002
76.032
76.063
76.092
76.122
76.151
76.18
76.21
76.239
76.269
76.299
76.328
76.358
76.388
76.417
76.447
76.476
76.506
76.536
76.566
76.596
76.625
76.654
76.684
76.714
76.743
76.773
76.803
76.832
76.862
76.892
76.921
76.951
76.98
77.01
77.04
77.069
77.099
77.13
77.159
77.188
77.218
77.247
77.279
77.306
77.336
77.366
77.395
77.425
77.454
77.484
77.514
77.543
77.573
77.604
77.632
77.662
77.691
77.722
77.751
77.78
77.81
77.84
77.869
77.899
77.929
77.958
77.988
78.018
78.046
78.076
78.105
78.136
78.166
78.195
78.225
78.254
78.284
78.314
78.343
78.373
78.403
78.436
78.466
78.494
78.525
78.551
78.58
78.61
78.639
78.668
78.698
78.728
78.758
78.792
78.817
78.847
78.876
78.909
78.935
78.964
78.994
79.025
79.054
79.084
79.113
79.143
79.173
79.203
79.233
79.262
79.29
79.321
79.35
79.379
79.409
79.439
79.468
79.5
79.527
79.557
79.586
79.617
79.647
79.676
79.705
79.736
79.765
79.794
79.825
79.854
79.884
79.913
79.943
79.973
80.002
80.032
80.062
80.091
80.121
80.149
80.179
80.209
80.238
80.269
80.299
80.327
80.358
80.387
80.417
80.446
80.475
80.513
80.536
80.565
80.594
80.624
80.654
80.684
80.712
80.742
80.772
80.802
80.833
80.86
80.89
80.92
80.949
80.98
81.009
81.038
81.068
81.098
81.128
81.157
81.187
81.217
81.245
81.276
81.305
81.335
81.364
81.396
81.423
81.453
81.483
81.513
81.542
81.571
81.601
81.63
81.66
81.692
81.72
81.752
81.78
81.808
81.838
81.869
81.898
81.927
81.956
81.988
82.017
82.046
82.076
82.105
82.134
82.164
82.193
82.223
82.253
82.282
82.312
82.342
82.371
82.401
82.43
82.46
82.49
82.521
82.549
82.579
82.608
82.638
82.667
82.697
82.727
82.756
82.786
82.816
82.845
82.875
82.904
82.934
82.964
82.993
83.023
83.053
83.082
83.112
83.141
83.171
83.201
83.231
83.26
83.29
83.32
83.349
83.379
83.407
83.437
83.469
83.497
83.526
83.556
83.586
83.615
83.645
83.674
83.703
83.733
83.764
83.792
83.822
83.851
83.882
83.911
83.941
83.97
83.999
84.03
84.06
84.089
84.119
84.148
84.177
84.208
84.236
84.267
84.296
84.325
84.356
84.386
84.415
84.449
84.475
84.504
84.534
84.562
84.592
84.622
84.651
84.682
84.712
84.74
84.775
84.8
84.83
84.864
84.888
84.918
84.952
84.981
85.007
85.037
85.066
85.096
85.128
85.155
85.185
85.214
85.245
85.275
85.304
85.333
85.363
85.392
85.422
85.452
85.481
85.511
85.542
85.57
85.601
85.629
85.661
85.689
85.718
85.748
85.778
85.81
85.837
85.867
85.896
85.926
85.955
85.986
86.015
86.05
86.074
86.104
86.133
86.163
86.193
86.222
86.252
86.282
86.312
86.341
86.37
86.401
86.43
86.46
86.489
86.519
86.548
86.582
86.607
86.637
86.667
86.697
86.73
86.756
86.786
86.815
86.847
86.874
86.904
86.934
86.964
86.993
87.022
87.053
87.083
87.113
87.145
87.171
87.201
87.233
87.26
87.289
87.319
87.348
87.378
87.408
87.442
87.467
87.497
87.528
87.555
87.585
87.615
87.645
87.674
87.704
87.734
87.763
87.793
87.824
87.855
87.882
87.917
87.943
87.971
88.001
88.03
88.059
88.09
88.118
88.149
88.178
88.209
88.238
88.27
88.297
88.327
88.355
88.386
88.414
88.444
88.474
88.503
88.534
88.563
88.592
88.623
88.653
88.683
88.711
88.74
88.77
88.802
88.83
88.86
88.892
88.919
88.949
88.978
89.007
89.038
89.066
89.096
89.126
89.156
89.185
89.214
89.244
89.275
89.303
89.333
89.363
89.393
89.423
89.451
89.481
89.512
89.541
89.571
89.601
89.63
89.659
89.688
89.718
89.748
89.777
89.808
89.836
89.867
89.896
89.925
89.955
89.984
90.014
90.044
90.077
90.103
90.133
90.162
90.194
90.222
90.251
90.281
90.31
90.342
90.371
90.403
90.429
90.458
90.49
90.518
90.547
90.58
90.608
90.637
90.666
90.696
90.726
90.755
90.784
90.814
90.844
90.873
90.903
90.933
90.963
90.997
91.022
91.051
91.081
91.11
91.14
91.171
91.2
91.229
91.259
91.288
91.318
91.348
91.378
91.407
91.436
91.467
91.497
91.525
91.555
91.587
91.614
91.644
91.674
91.703
91.733
91.764
91.793
91.822
91.851
91.881
91.911
91.94
91.971
92.0
92.028
92.06
92.089
92.118
92.147
92.176
92.206
92.237
92.266
92.296
92.326
92.355
92.385
92.414
92.444
92.474
92.503
92.532
92.563
92.591
92.621
92.65
92.68
92.71
92.741
92.77
92.8
92.829
92.859
92.888
92.918
92.948
92.977
93.007
93.036
93.066
93.096
93.126
93.155
93.186
93.213
93.244
93.273
93.302
93.332
93.362
93.391
93.422
93.451
93.481
93.511
93.54
93.569
93.599
93.628
93.659
93.688
93.717
93.748
93.776
93.806
93.837
93.866
93.895
93.925
93.955
93.984
94.015
94.043
94.073
94.103
94.132
94.162
94.192
94.221
94.255
94.281
94.31
94.34
94.369
94.399
94.433
94.458
94.488
94.518
94.548
94.577
94.606
94.636
94.666
94.695
94.726
94.755
94.784
94.814
94.844
94.873
94.904
94.933
94.962
94.992
95.022
95.051
95.082
95.11
95.14
95.17
95.2
95.229
95.259
95.288
95.318
95.347
95.378
95.407
95.436
95.466
95.496
95.525
95.555
95.584
95.615
95.644
95.673
95.703
95.733
95.762
95.792
95.822
95.851
95.881
95.914
95.94
95.97
96.0
96.029
96.059
96.088
96.118
96.148
96.178
96.207
96.236
96.266
96.296
96.326
96.355
96.385
96.416
96.444
96.474
96.504
96.533
96.563
96.591
96.622
96.652
96.681
96.712
96.741
96.77
96.8
96.83
96.859
96.888
96.92
96.948
96.978
97.008
97.036
97.066
97.096
97.126
97.156
97.185
97.224
97.245
97.273
97.303
97.334
97.362
97.393
97.422
97.452
97.481
97.51
97.541
97.57
97.599
97.63
97.659
97.689
97.718
97.749
97.778
97.808
97.836
97.866
97.897
97.925
97.955
97.986
98.014
98.044
98.074
98.103
98.133
98.162
98.192
98.222
98.252
98.281
98.311
98.34
98.37
98.399
98.429
98.459
98.488
98.518
98.549
98.578
98.607
98.637
98.666
98.697
98.725
98.755
98.786
98.815
98.844
98.875
98.903
98.933
98.962
98.992
99.022
99.06
99.092
99.11
99.14
99.17
99.199
99.229
99.259
99.288
99.318
99.348
99.377
99.408
99.436
99.471
99.496
99.525
99.555
99.585
99.616
99.644
99.673
99.704
99.732
99.762
99.792
99.822
99.851
99.882
99.91
99.94
99.97
99.999
100.029
100.059
100.09
100.119
100.152
100.177
100.207
100.237
100.268
100.296
100.325
100.355
100.385
100.414
100.444
100.474
100.503
100.533
100.562
100.592
100.622
100.651
100.681
100.711
100.739
100.77
100.8
100.829
100.859
100.887
100.917
100.948
100.977
101.008
101.037
101.066
101.096
101.126
101.155
101.184
101.213
101.244
101.274
101.307
101.333
101.363
101.394
101.422
101.452
101.483
101.51
101.539
101.57
101.598
101.628
101.658
101.688
101.718
101.748
101.777
101.806
101.837
101.866
101.897
101.925
101.955
101.984
102.014
102.044
102.074
102.104
102.133
102.161
102.192
102.221
102.251
102.287
102.311
102.339
102.37
102.398
102.43
102.458
102.487
102.517
102.548
102.577
102.606
102.636
102.668
102.695
102.725
102.754
102.785
102.814
102.843
102.874
102.902
102.935
102.961
102.991
103.022
103.05
103.08
103.11
103.139
103.169
103.199
103.229
103.258
103.287
