0.008
0.017
0.025
0.033
0.04
0.049
0.057
0.065
0.073
0.081
0.091
0.101
0.109
0.118
0.126
0.134
0.142
0.151
0.187
0.216
0.244
0.273
0.303
0.332
0.362
0.4
0.421
0.451
0.479
0.51
0.54
0.585
0.599
0.628
0.658
0.688
0.717
0.747
0.777
0.806
0.835
0.864
0.894
0.925
0.959
1.006
1.019
1.042
1.073
1.103
1.132
1.162
1.19
1.22
1.249
1.279
1.31
1.339
1.368
1.397
1.428
1.457
1.487
1.522
1.546
1.576
1.606
1.634
1.664
1.694
1.724
1.754
1.782
1.812
1.844
1.872
1.901
1.931
1.96
1.99
2.02
2.05
2.079
2.108
2.139
2.177
2.197
2.227
2.256
2.286
2.316
2.345
2.375
2.406
2.434
2.464
2.493
2.523
2.552
2.582
2.612
2.644
2.671
2.701
2.733
2.761
2.789
2.819
2.849
2.878
2.91
2.937
2.967
2.997
3.027
3.056
3.086
3.115
3.145
3.174
3.204
3.234
3.263
3.293
3.325
3.354
3.382
3.411
3.441
3.47
3.504
3.53
3.559
3.589
3.634
3.648
3.678
3.706
3.737
3.767
3.797
3.826
3.856
3.885
3.916
3.945
3.974
4.004
4.032
4.063
4.093
4.122
4.152
4.181
4.211
4.241
4.27
4.299
4.328
4.358
4.39
4.417
4.447
4.478
4.507
4.536
4.566
4.596
4.625
4.654
4.688
4.714
4.747
4.773
4.803
4.834
4.863
4.891
4.922
4.952
4.981
5.011
5.041
5.072
5.101
5.128
5.158
5.188
5.217
5.247
5.278
5.307
5.337
5.372
5.396
5.425
5.454
5.484
5.514
5.543
5.574
5.603
5.633
5.663
5.692
5.722
5.752
5.78
5.81
5.839
5.869
5.901
5.928
5.959
5.988
6.017
6.047
6.076
6.106
6.136
6.166
6.196
6.226
6.255
6.284
6.314
6.343
6.373
6.402
6.432
6.462
6.491
6.521
6.553
6.584
6.61
6.639
6.669
6.699
6.728
6.758
6.788
6.817
6.847
6.877
6.906
6.936
6.965
6.995
7.025
7.055
7.084
7.116
7.149
7.173
7.202
7.232
7.262
7.291
7.321
7.354
7.38
7.41
7.441
7.47
7.499
7.528
7.558
7.588
7.617
7.647
7.676
7.706
7.736
7.765
7.795
7.825
7.854
7.886
7.913
7.948
7.973
8.002
8.032
8.061
8.091
8.121
8.15
8.18
8.21
8.24
8.27
8.298
8.329
8.358
8.386
8.416
8.447
8.476
8.506
8.536
8.565
8.595
8.624
8.656
8.684
8.713
8.742
8.773
8.802
8.832
8.861
8.891
8.925
8.95
8.98
9.01
9.04
9.069
9.099
9.128
9.157
9.187
9.216
9.247
9.276
9.306
9.336
9.365
9.395
9.425
9.453
9.483
9.514
9.543
9.573
9.601
9.631
9.661
9.69
9.721
9.752
9.78
9.816
9.84
9.869
9.898
9.927
9.957
9.987
10.017
10.046
10.077
10.105
10.136
10.166
10.194
10.224
10.253
10.283
10.312
10.344
10.377
10.402
10.432
10.461
10.49
10.52
10.55
10.579
10.612
10.639
10.669
10.698
10.727
10.757
10.787
10.816
10.846
10.875
10.906
10.936
10.965
10.994
11.024
11.053
11.083
11.112
11.145
11.172
11.201
11.231
11.261
11.29
11.322
11.351
11.379
11.409
11.438
11.468
11.498
11.527
11.557
11.587
11.617
11.646
11.675
11.704
11.735
11.764
11.796
11.823
11.854
11.884
11.912
11.942
11.971
12.0
12.031
12.059
12.09
12.12
12.149
12.179
12.208
12.238
12.268
12.297
12.327
12.355
12.386
12.416
12.445
12.476
12.505
12.534
12.564
12.594
12.623
12.653
12.684
12.712
12.742
12.776
12.802
12.83
12.859
12.889
12.918
12.948
12.979
13.008
13.038
13.068
13.097
13.127
13.157
13.186
13.22
13.247
13.275
13.304
13.333
13.363
13.393
13.422
13.452
13.482
13.512
13.542
13.571
13.601
13.63
13.661
13.689
13.718
13.748
13.778
13.807
13.837
13.867
13.897
13.927
13.956
13.986
14.016
14.044
14.074
14.105
14.133
14.163
14.192
14.222
14.252
14.283
14.312
14.342
14.37
14.4
14.431
14.459
14.489
14.519
14.552
14.579
14.607
14.637
14.667
14.696
14.727
14.755
14.785
14.815
14.844
14.874
14.905
14.934
14.972
14.992
15.022
15.052
15.086
15.111
15.14
15.17
15.201
15.232
15.259
15.288
15.318
15.348
15.377
15.408
15.441
15.468
15.496
15.525
15.555
15.585
15.614
15.646
15.673
15.703
15.733
15.763
15.796
15.821
15.851
15.881
15.912
15.941
15.971
15.999
16.029
16.059
16.088
16.118
16.147
16.177
16.206
16.236
16.266
16.295
16.325
16.355
16.384
16.413
16.443
16.472
16.502
16.532
16.562
16.592
16.621
16.651
16.68
16.71
16.743
16.771
16.799
16.829
16.858
16.888
16.919
16.948
16.977
17.007
17.036
17.066
17.095
17.126
17.158
17.184
17.214
17.244
17.273
17.303
17.332
17.362
17.392
17.421
17.451
17.48
17.516
17.541
17.569
17.598
17.628
17.657
17.687
17.718
17.747
17.777
17.806
17.836
17.869
17.894
17.924
17.953
17.984
18.013
18.042
18.073
18.103
18.134
18.162
18.191
18.221
18.251
18.28
18.313
18.339
18.368
18.398
18.428
18.458
18.488
18.516
18.547
18.579
18.605
18.636
18.666
18.694
18.728
18.753
18.783
18.813
18.842
18.872
18.902
18.932
18.962
18.991
19.021
19.05
19.079
19.109
19.139
19.168
19.198
19.227
19.257
19.287
19.317
19.347
19.376
19.406
19.435
19.464
19.494
19.524
19.555
19.583
19.614
19.642
19.672
19.702
19.731
19.761
19.79
19.82
19.85
19.888
19.91
19.94
19.969
19.998
20.028
20.057
20.087
20.116
20.146
20.175
20.205
20.236
20.264
20.294
20.324
20.353
20.383
20.412
20.443
20.473
20.501
20.533
20.561
20.59
20.62
20.648
20.68
20.709
20.738
20.768
20.799
20.827
20.857
20.886
20.916
20.946
20.978
21.005
21.035
21.067
21.095
21.123
21.153
21.183
21.212
21.242
21.273
21.301
21.331
21.36
21.39
21.419
21.448
21.478
21.508
21.537
21.568
21.599
21.627
21.657
21.687
21.716
21.749
21.775
21.804
21.834
21.863
21.893
21.923
21.953
21.983
22.012
22.042
22.072
22.101
22.13
22.16
22.19
22.22
22.249
22.279
22.309
22.338
22.367
22.396
22.426
22.457
22.487
22.517
22.546
22.575
22.608
22.634
22.664
22.694
22.722
22.753
22.783
22.812
22.842
22.871
22.9
22.93
22.959
22.989
23.019
23.049
23.079
23.108
23.138
23.168
23.196
23.226
23.256
23.285
23.315
23.345
23.374
23.405
23.434
23.463
23.494
23.522
23.552
23.582
23.611
23.646
23.671
23.7
23.73
23.759
23.789
23.819
23.848
23.878
23.909
23.938
23.968
23.996
24.027
24.057
24.085
24.115
24.145
24.174
24.204
24.233
24.263
24.296
24.322
24.353
24.381
24.411
24.441
24.47
24.5
24.53
24.559
24.589
24.618
24.65
24.678
24.707
24.737
24.766
24.796
24.826
24.856
24.886
24.915
24.944
24.974
25.003
25.033
25.063
25.092
25.122
25.152
25.182
25.211
25.241
25.27
25.3
25.329
25.359
25.388
25.42
25.448
25.479
25.507
25.537
25.566
25.595
25.624
25.655
25.685
25.716
25.744
25.774
25.803
25.834
25.862
25.891
25.921
25.951
25.98
26.01
26.044
26.075
26.104
26.13
26.159
26.188
26.218
26.246
26.276
26.307
26.336
26.365
26.395
26.425
26.464
26.485
26.514
26.543
26.572
26.602
26.632
26.661
26.691
26.722
26.751
26.78
26.81
26.84
26.87
26.904
26.929
26.96
26.998
27.018
27.059
27.076
27.106
27.135
27.167
27.2
27.229
27.258
27.283
27.313
27.344
27.372
27.402
27.432
27.461
27.492
27.531
27.551
27.581
27.609
27.64
27.669
27.698
27.728
27.757
27.787
27.817
27.847
27.876
27.906
27.936
27.965
27.995
28.024
28.054
28.085
28.115
28.143
28.172
28.203
28.232
28.261
28.291
28.32
28.35
28.38
28.409
28.44
28.468
28.499
28.528
28.557
28.587
28.617
28.646
28.676
28.705
28.736
28.765
28.795
28.824
28.854
28.883
28.913
28.942
28.972
29.002
29.031
29.064
29.091
29.12
29.15
29.179
29.209
29.238
29.27
29.298
29.327
29.358
29.386
29.417
29.446
29.474
29.504
29.534
29.564
29.594
29.623
29.654
29.684
29.712
29.742
29.771
29.801
29.831
29.86
29.89
29.919
29.949
29.979
30.008
30.038
30.067
30.097
30.127
30.156
30.186
30.219
30.244
30.276
30.305
30.335
30.364
30.393
30.423
30.452
30.482
30.514
30.542
30.576
30.603
30.629
30.659
30.688
30.718
30.75
30.778
30.808
30.837
30.866
30.898
30.925
30.955
30.984
31.014
31.044
31.075
31.104
31.134
31.168
31.193
31.222
31.251
31.282
31.31
31.341
31.37
31.4
31.43
31.459
31.489
31.52
31.548
31.577
31.606
31.637
31.666
31.695
31.725
31.756
31.785
31.815
31.843
31.876
31.903
31.937
31.962
31.991
32.021
32.052
32.08
32.11
32.141
32.169
32.199
32.228
32.258
32.288
32.317
32.347
32.377
32.407
32.438
32.465
32.495
32.534
32.554
32.585
32.613
32.643
32.673
32.703
32.733
32.761
32.791
32.821
32.851
32.881
32.91
32.939
32.971
32.998
33.028
33.058
33.087
33.117
33.146
33.176
33.206
33.235
33.272
33.296
33.324
33.354
33.382
33.414
33.443
33.472
33.503
33.533
33.562
33.591
33.62
33.65
33.68
33.71
33.739
33.769
33.798
33.828
33.857
33.889
33.917
33.946
33.976
34.006
34.035
34.065
34.101
34.124
34.154
34.182
34.212
34.242
34.271
34.302
34.332
34.361
34.391
34.42
34.451
34.48
34.508
34.538
34.569
34.599
34.628
34.658
34.687
34.717
34.747
34.776
34.807
34.834
34.864
34.895
34.924
34.954
34.984
35.013
35.043
35.073
35.101
35.132
35.16
35.191
35.221
35.252
35.289
35.31
35.339
35.369
35.398
35.427
35.457
35.487
35.517
35.547
35.575
35.606
35.635
35.665
35.694
35.723
35.753
35.783
35.812
35.842
35.872
35.902
35.932
35.96
35.99
36.02
36.05
36.08
36.11
36.138
36.168
36.198
36.227
36.257
36.287
36.316
36.346
36.375
36.409
36.435
36.464
36.494
36.525
36.553
36.583
36.613
36.643
36.672
36.705
36.732
36.761
36.791
36.822
36.85
36.879
36.909
36.938
36.968
36.998
37.027
37.063
37.088
37.116
37.146
37.175
37.205
37.235
37.266
37.294
37.324
37.353
37.384
37.412
37.442
37.472
37.501
37.531
37.561
37.59
37.621
37.649
37.679
37.711
37.738
37.768
37.797
37.827
37.857
37.886
37.916
37.95
37.975
38.007
38.034
38.065
38.094
38.123
38.153
38.182
38.212
38.242
38.271
38.301
38.331
38.36
38.39
38.419
38.449
38.479
38.508
38.538
38.568
38.597
38.627
38.656
38.685
38.715
38.745
38.775
38.805
38.834
38.864
38.893
38.923
38.953
38.982
39.013
39.046
39.073
39.101
39.134
39.16
39.191
39.219
39.249
39.279
39.307
39.338
39.368
39.401
39.431
39.456
39.486
39.516
39.545
39.575
39.604
39.634
39.664
39.693
39.729
39.751
39.782
39.812
39.84
39.87
39.899
39.93
39.959
39.988
40.019
40.048
40.078
40.108
40.136
40.166
40.195
40.228
40.255
40.288
40.314
40.343
40.374
40.403
40.432
40.462
40.492
40.524
40.552
40.581
40.616
40.641
40.673
40.699
40.732
40.758
40.788
40.819
40.849
40.877
40.908
40.936
40.968
40.995
41.025
41.057
41.084
41.113
41.143
41.173
41.202
41.232
41.264
41.292
41.321
41.351
41.38
41.409
41.439
41.469
41.5
41.528
41.558
41.587
41.617
41.646
41.676
41.708
41.743
41.765
41.794
41.827
41.854
41.883
41.913
41.943
41.972
42.002
42.032
42.061
42.091
42.12
42.151
42.18
42.208
42.238
42.268
42.298
42.328
42.357
42.387
42.417
42.447
42.477
42.505
42.535
42.565
42.595
42.624
42.653
42.683
42.713
42.742
42.772
42.801
42.83
42.861
42.892
42.921
42.951
42.982
43.009
43.039
43.068
43.098
43.13
43.157
43.191
43.216
43.246
43.275
43.312
43.335
43.365
43.396
43.424
43.452
43.483
43.513
43.542
43.572
43.602
43.631
43.662
43.691
43.72
43.75
43.779
43.808
43.838
43.869
43.9
43.929
43.957
43.987
44.016
44.045
44.076
44.105
44.135
44.164
44.193
44.224
44.254
44.282
44.312
44.341
44.372
44.403
44.433
44.462
44.49
44.52
44.549
44.579
44.608
44.638
44.669
44.698
44.737
44.757
44.787
44.817
44.845
44.875
44.905
44.934
44.964
44.994
45.023
45.063
45.082
45.112
45.142
45.171
45.201
45.231
45.261
45.29
45.32
45.35
45.379
45.41
45.438
45.468
45.497
45.527
45.558
45.587
45.616
45.646
45.675
45.706
45.734
45.764
45.794
45.823
45.854
45.882
45.912
45.942
45.972
46.001
46.031
46.06
46.09
46.119
46.149
46.179
46.208
46.244
46.268
46.297
46.328
46.356
46.386
46.416
46.445
46.475
46.507
46.534
46.564
46.593
46.624
46.653
46.682
46.712
46.742
46.771
46.801
46.83
46.86
46.89
46.919
46.949
46.979
47.008
47.039
47.072
47.101
47.127
47.157
47.186
47.216
47.245
47.274
47.305
47.336
47.368
47.394
47.423
47.453
47.484
47.512
47.542
47.57
47.6
47.631
47.663
47.691
47.72
47.756
47.78
47.809
47.838
47.868
47.897
47.927
47.957
47.986
48.016
48.045
48.077
48.107
48.133
48.163
48.193
48.224
48.253
48.283
48.311
48.342
48.371
48.401
48.43
48.459
48.489
48.519
48.548
48.579
48.616
48.638
48.667
48.697
48.726
48.755
48.785
48.816
48.845
48.875
48.904
48.934
48.965
48.992
49.022
49.052
49.081
49.116
49.14
49.171
49.2
49.229
49.26
49.289
49.318
49.348
49.377
49.408
49.439
49.466
49.504
49.527
49.556
49.586
49.614
49.644
49.674
49.704
49.734
49.765
49.792
49.822
49.852
49.882
49.91
49.94
49.97
50.0
50.031
50.059
50.088
50.118
50.148
50.178
50.207
50.236
50.266
50.296
50.326
50.355
50.384
50.414
50.444
50.474
50.504
50.534
50.562
50.592
50.621
50.651
50.684
50.71
50.74
50.77
50.799
50.829
50.858
50.888
50.918
50.947
50.977
51.006
51.037
51.066
51.095
51.125
51.155
51.184
51.214
51.243
51.273
51.303
51.332
51.362
51.392
51.421
51.451
51.484
51.51
51.54
51.572
51.599
51.629
51.659
51.688
51.717
51.747
51.777
51.806
51.836
51.865
51.895
51.925
51.954
51.984
52.012
52.042
52.077
52.102
52.132
52.162
52.191
52.221
52.25
52.28
52.31
52.339
52.371
52.399
52.429
52.458
52.487
52.517
52.546
52.575
52.606
52.636
52.665
52.695
52.732
52.754
52.784
52.814
52.843
52.873
52.902
52.933
52.96
52.991
53.021
53.055
53.08
53.111
53.139
53.168
53.198
53.227
53.259
53.287
53.316
53.347
53.376
53.406
53.435
53.464
53.494
53.523
53.555
53.583
53.612
53.644
53.671
53.701
53.731
53.76
53.791
53.82
53.85
53.879
53.909
53.938
53.969
53.997
54.027
54.057
54.086
54.116
54.146
54.175
54.205
54.235
54.265
54.294
54.323
54.353
54.383
54.412
54.449
54.472
54.502
54.535
54.561
54.59
54.62
54.649
54.679
54.708
54.74
54.771
54.799
54.837
54.856
54.887
54.916
54.945
54.976
55.005
55.034
55.064
55.096
55.123
55.153
55.182
55.213
55.242
55.272
55.301
55.33
55.361
55.39
55.419
55.449
55.478
55.508
55.537
55.567
55.596
55.626
55.658
55.691
55.715
55.745
55.775
55.804
55.834
55.863
55.893
55.928
55.952
55.982
56.011
56.041
56.071
56.1
56.13
56.16
56.189
56.219
56.249
56.278
56.313
56.337
56.367
56.397
56.426
56.456
56.486
56.515
56.545
56.574
56.604
56.634
56.663
56.693
56.723
56.751
56.781
56.812
56.843
56.871
56.901
56.93
56.96
56.988
57.018
57.048
57.077
57.108
57.138
57.167
57.197
57.226
57.257
57.286
57.314
57.344
57.373
57.403
57.433
57.462
57.492
57.524
57.555
57.581
57.611
57.64
57.67
57.7
57.732
57.76
57.788
57.819
57.851
57.877
57.907
57.936
57.966
57.998
58.028
58.056
58.085
58.114
58.145
58.174
58.203
58.233
58.262
58.293
58.322
58.352
58.381
58.411
58.441
58.472
58.499
58.529
58.559
58.589
58.619
58.648
58.677
58.707
58.737
58.766
58.796
58.825
58.855
58.885
58.914
58.944
58.974
59.004
59.034
59.062
59.092
59.122
59.152
59.181
59.21
59.24
59.27
59.299
59.329
59.363
59.388
59.418
59.45
59.477
59.507
59.536
59.566
59.595
59.625
59.655
59.684
59.714
59.744
59.773
59.803
59.832
59.862
59.892
59.924
59.951
59.98
60.01
60.04
60.069
60.099
60.128
60.158
60.19
60.221
60.247
60.277
60.306
60.336
60.368
60.395
60.425
60.454
60.484
60.514
60.544
60.573
60.602
60.632
60.664
60.691
60.721
60.756
60.78
60.815
60.838
60.868
60.898
60.927
60.958
60.987
61.017
61.047
61.076
61.106
61.135
61.164
61.194
61.225
61.254
61.283
61.312
61.351
61.372
61.402
61.432
61.462
61.49
61.521
61.55
61.58
61.61
61.639
61.669
61.699
61.728
61.758
61.787
61.816
61.847
61.875
61.907
61.934
61.968
61.994
62.024
62.053
62.083
62.112
62.143
62.172
62.209
62.231
62.26
62.29
62.322
62.349
62.379
62.408
62.439
62.469
62.498
62.527
62.557
62.586
62.616
62.645
62.675
62.705
62.736
62.765
62.794
62.827
62.853
62.882
62.912
62.942
62.971
63.001
63.034
63.06
63.09
63.119
63.149
63.18
63.208
63.238
63.267
63.297
63.331
63.357
63.387
63.423
63.445
63.476
63.504
63.534
63.564
63.593
63.623
63.653
63.682
63.712
63.741
63.771
63.801
63.83
63.86
63.889
63.92
63.95
63.978
64.008
64.038
64.067
64.098
64.126
64.156
64.187
64.215
64.245
64.274
64.304
64.334
64.363
64.393
64.423
64.452
64.482
64.511
64.544
64.571
64.6
64.63
64.66
64.689
64.719
64.748
64.778
64.812
64.837
64.867
64.897
64.926
64.956
64.987
65.014
65.044
65.074
65.104
65.134
65.163
65.196
65.223
65.252
65.286
65.312
65.34
65.37
65.399
65.43
65.46
65.489
65.519
65.548
65.58
65.608
65.637
65.667
65.696
65.725
65.755
65.785
65.815
65.845
65.874
65.904
65.933
65.962
65.993
66.022
66.052
66.088
66.111
66.141
66.17
66.199
66.23
66.258
66.289
66.319
66.348
66.378
66.407
66.437
66.467
66.495
66.525
66.554
66.587
66.616
66.643
66.68
66.703
66.734
66.763
66.791
66.821
66.852
66.882
66.91
66.945
66.969
66.999
67.029
67.058
67.088
67.117
67.149
67.178
67.207
67.236
67.265
67.295
67.327
67.354
67.384
67.414
67.443
67.474
67.502
67.536
67.562
67.592
67.622
67.65
67.68
67.71
67.739
67.769
67.799
67.828
67.858
67.887
67.918
67.947
67.976
68.006
68.035
68.066
68.096
68.124
68.154
68.196
68.214
68.243
68.272
68.302
68.332
68.364
68.391
68.421
68.452
68.48
68.511
68.539
68.569
68.598
68.628
68.66
68.687
68.717
68.748
68.779
68.806
68.835
68.865
68.894
68.924
68.954
68.983
69.013
69.042
69.076
69.102
69.131
69.162
69.191
69.219
69.25
69.279
69.309
69.339
69.373
69.398
69.429
69.457
69.487
69.516
69.546
69.576
69.605
69.635
69.666
69.694
69.724
69.753
69.783
69.813
69.842
69.872
69.902
69.931
69.961
69.989
70.02
70.051
70.078
70.108
70.139
70.169
70.199
70.227
70.257
70.286
70.316
70.347
70.374
70.404
70.436
70.464
70.494
70.524
70.553
70.583
70.612
70.641
70.671
70.7
70.731
70.761
70.789
70.819
70.849
70.879
70.909
70.938
70.968
70.996
71.027
71.06
71.085
71.116
71.145
71.175
71.205
71.233
71.263
71.293
71.323
71.352
71.385
71.411
71.442
71.47
71.501
71.53
71.559
71.589
71.619
71.649
71.685
71.707
71.74
71.766
71.798
71.827
71.855
71.885
71.915
71.944
71.975
72.004
72.033
72.064
72.092
72.125
72.153
72.181
72.212
72.24
72.271
72.3
72.329
72.359
72.396
72.418
72.448
72.477
72.507
72.541
72.57
72.601
72.626
72.656
72.685
72.714
72.745
72.774
72.803
72.833
72.863
72.892
72.922
72.952
72.981
73.012
73.04
73.07
73.1
73.132
73.159
73.189
73.226
73.248
73.277
73.307
73.337
73.366
73.4
73.426
73.455
73.485
73.515
73.555
73.575
73.604
73.633
73.663
73.692
73.722
73.752
73.781
73.811
73.841
73.87
73.901
73.928
73.958
73.989
74.018
74.057
74.078
74.107
74.137
74.168
74.196
74.226
74.255
74.289
74.314
74.343
74.373
74.403
74.433
74.463
74.491
74.522
74.551
74.58
74.61
74.641
74.67
74.7
74.728
74.759
74.789
74.818
74.848
74.878
74.907
74.937
74.966
74.996
75.026
75.056
75.085
75.114
75.144
75.174
75.203
75.232
75.262
75.291
75.322
75.351
75.382
75.41
75.44
75.47
75.5
75.529
75.559
75.588
75.617
75.647
75.677
75.706
75.736
75.766
75.796
75.825
75.854
75.885
75.915
75.944
75.973
76.002
76.032
76.063
76.092
76.122
76.151
76.18
76.21
76.239
76.269
76.299
76.328
76.358
76.388
76.417
76.447
76.476
76.506
76.536
76.566
76.596
76.625
76.654
76.684
76.714
76.743
76.773
76.803
76.832
76.862
76.892
76.921
76.951
76.98
77.01
77.04
77.069
77.099
77.13
77.159
77.188
77.218
77.247
77.279
77.306
77.336
77.366
77.395
77.425
77.454
77.484
77.514
77.543
77.573
77.604
77.632
77.662
77.691
77.722
77.751
77.78
77.81
77.84
77.869
77.899
77.929
77.958
77.988
78.018
78.046
78.076
78.105
78.136
78.166
78.195
78.225
78.254
78.284
78.314
78.343
78.373
78.403
78.436
78.466
78.494
78.525
78.551
78.58
78.61
78.639
78.668
78.698
78.728
78.758
78.792
78.817
78.847
78.876
78.909
78.935
78.964
78.994
79.025
79.054
79.084
79.113
79.143
79.173
79.203
79.233
79.262
79.29
79.321
79.35
79.379
79.409
79.439
79.468
79.5
79.527
79.557
79.586
79.617
79.647
79.676
79.705
79.736
79.765
79.794
79.825
79.854
79.884
79.913
79.943
79.973
80.002
80.032
80.062
80.091
80.121
80.149
80.179
80.209
80.238
80.269
80.299
80.327
80.358
80.387
80.417
80.446
80.475
80.513
80.536
80.565
80.594
80.624
80.654
80.684
80.712
80.742
80.772
80.802
80.833
80.86
80.89
80.92
80.949
80.98
81.009
81.038
81.068
81.098
81.128
81.157
81.187
81.217
81.245
81.276
81.305
81.335
81.364
81.396
81.423
81.453
81.483
81.513
81.542
81.571
81.601
81.63
81.66
81.692
81.72
81.752
81.78
81.808
81.838
81.869
81.898
81.927
81.956
81.988
82.017
82.046
82.076
82.105
82.134
82.164
82.193
82.223
82.253
82.282
82.312
82.342
82.371
82.401
82.43
82.46
82.49
82.521
82.549
82.579
82.608
82.638
82.667
82.697
82.727
82.756
82.786
82.816
82.845
82.875
82.904
82.934
82.964
82.993
83.023
83.053
83.082
83.112
83.141
83.171
83.201
83.231
83.26
83.29
83.32
83.349
83.379
83.407
83.437
83.469
83.497
83.526
83.556
83.586
83.615
83.645
83.674
83.703
83.733
83.764
83.792
83.822
83.851
83.882
83.911
83.941
83.97
83.999
84.03
84.06
84.089
84.119
84.148
84.177
84.208
84.236
84.267
84.296
84.325
84.356
84.386
84.415
84.449
84.475
84.504
84.534
84.562
84.592
84.622
84.651
84.682
84.712
84.74
84.775
84.8
84.83
84.864
84.888
84.918
84.952
84.981
85.007
85.037
85.066
85.096
85.128
85.155
85.185
85.214
85.245
85.275
85.304
85.333
85.363
85.392
85.422
85.452
85.481
85.511
85.542
85.57
85.601
85.629
85.661
85.689
85.718
85.748
85.778
85.81
85.837
85.867
85.896
85.926
85.955
85.986
86.015
86.05
86.074
86.104
86.133
86.163
86.193
86.222
86.252
86.282
86.312
86.341
86.37
86.401
86.43
86.46
86.489
86.519
86.548
86.582
86.607
86.637
86.667
86.697
86.73
86.756
86.786
86.815
86.847
86.874
86.904
86.934
86.964
86.993
87.022
87.053
87.083
87.113
87.145
87.171
87.201
87.233
87.26
87.289
87.319
87.348
87.378
87.408
87.442
87.467
87.497
87.528
87.555
87.585
87.615
87.645
87.674
87.704
87.734
87.763
87.793
87.824
87.855
87.882
87.917
87.943
87.971
88.001
88.03
88.059
88.09
88.118
88.149
88.178
88.209
88.238
88.27
88.297
88.327
88.355
88.386
88.414
88.444
88.474
88.503
88.534
88.563
88.592
88.623
88.653
88.683
88.711
88.74
88.77
88.802
88.83
88.86
88.892
88.919
88.949
88.978
89.007
89.038
89.066
89.096
89.126
89.156
89.185
89.214
89.244
89.275
89.303
89.333
89.363
89.393
89.423
89.451
89.481
89.512
89.541
89.571
89.601
89.63
89.659
89.688
89.718
89.748
89.777
89.808
89.836
89.867
89.896
89.925
89.955
89.984
90.014
90.044
90.077
90.103
90.133
90.162
90.194
90.222
90.251
90.281
90.31
90.342
90.371
90.403
90.429
90.458
90.49
90.518
90.547
90.58
90.608
90.637
90.666
90.696
90.726
90.755
90.784
90.814
90.844
90.873
90.903
90.933
90.963
90.997
91.022
91.051
91.081
91.11
91.14
91.171
91.2
91.229
91.259
91.288
91.318
91.348
91.378
91.407
91.436
91.467
91.497
91.525
91.555
91.587
91.614
91.644
91.674
91.703
91.733
91.764
91.793
91.822
91.851
91.881
91.911
91.94
91.971
92.0
92.028
92.06
92.089
92.118
92.147
92.176
92.206
92.237
92.266
92.296
92.326
92.355
92.385
92.414
92.444
92.474
92.503
92.532
92.563
92.591
92.621
92.65
92.68
92.71
92.741
92.77
92.8
92.829
92.859
92.888
92.918
92.948
92.977
93.007
93.036
93.066
93.096
93.126
93.155
93.186
93.213
93.244
93.273
93.302
93.332
93.362
93.391
93.422
93.451
93.481
93.511
93.54
93.569
93.599
93.628
93.659
93.688
93.717
93.748
93.776
93.806
93.837
93.866
93.895
93.925
93.955
93.984
94.015
94.043
94.073
94.103
94.132
94.162
94.192
94.221
94.255
94.281
94.31
94.34
94.369
94.399
94.433
94.458
94.488
94.518
94.548
94.577
94.606
94.636
94.666
94.695
94.726
94.755
94.784
94.814
94.844
94.873
94.904
94.933
94.962
94.992
95.022
95.051
95.082
95.11
95.14
95.17
95.2
95.229
95.259
95.288
95.318
95.347
95.378
95.407
95.436
95.466
95.496
95.525
95.555
95.584
95.615
95.644
95.673
95.703
95.733
95.762
95.792
95.822
95.851
95.881
95.914
95.94
95.97
96.0
96.029
96.059
96.088
96.118
96.148
96.178
96.207
96.236
96.266
96.296
96.326
96.355
96.385
96.416
96.444
96.474
96.504
96.533
96.563
96.591
96.622
96.652
96.681
96.712
96.741
96.77
96.8
96.83
96.859
96.888
96.92
96.948
96.978
97.008
97.036
97.066
97.096
97.126
97.156
97.185
97.224
97.245
97.273
97.303
97.334
97.362
97.393
97.422
97.452
97.481
97.51
97.541
97.57
97.599
97.63
97.659
97.689
97.718
97.749
97.778
97.808
97.836
97.866
97.897
97.925
97.955
97.986
98.014
98.044
98.074
98.103
98.133
98.162
98.192
98.222
98.252
98.281
98.311
98.34
98.37
98.399
98.429
98.459
98.488
98.518
98.549
98.578
98.607
98.637
98.666
98.697
98.725
98.755
98.786
98.815
98.844
98.875
98.903
98.933
98.962
98.992
99.022
99.06
99.092
99.11
99.14
99.17
99.199
99.229
99.259
99.288
99.318
99.348
99.377
99.408
99.436
99.471
99.496
99.525
99.555
99.585
99.616
99.644
99.673
99.704
99.732
99.762
99.792
99.822
99.851
99.882
99.91
99.94
99.97
99.999
100.029
100.059
100.09
100.119
100.152
100.177
100.207
100.237
100.268
100.296
100.325
100.355
100.385
100.414
100.444
100.474
100.503
100.533
100.562
100.592
100.622
100.651
100.681
100.711
100.739
100.77
100.8
100.829
100.859
100.887
100.917
100.948
100.977
101.008
101.037
101.066
101.096
101.126
101.155
101.184
101.213
101.244
101.274
101.307
101.333
101.363
101.394
101.422
101.452
101.483
101.51
101.539
101.57
101.598
101.628
101.658
101.688
101.718
101.748
101.777
101.806
101.837
101.866
101.897
101.925
101.955
101.984
102.014
102.044
102.074
102.104
102.133
102.161
102.192
102.221
102.251
102.287
102.311
102.339
102.37
102.398
102.43
102.458
102.487
102.517
102.548
102.577
102.606
102.636
102.668
102.695
102.725
102.754
102.785
102.814
102.843
102.874
102.902
102.935
102.961
102.991
103.022
103.05
103.08
103.11
103.139
103.169
103.199
103.229
103.258
103.287
103.317
103.347
103.382
103.406
103.436
103.469
103.495
103.528
103.554
103.584
103.617
103.643
103.673
103.702
103.732
103.762
103.791
103.821
103.851
103.88
103.91
103.948
103.969
103.999
104.029
104.058
104.088
104.117
104.147
104.177
104.206
104.236
104.268
104.295
104.325
104.36
104.384
104.414
104.444
104.473
104.505
104.532
104.562
104.592
104.621
104.651
104.681
104.71
104.74
104.77
104.799
104.829
104.859
104.888
104.918
104.948
104.977
105.007
105.037
105.066
105.096
105.125
105.155
105.188
105.216
105.244
105.273
105.303
105.333
105.361
105.392
105.422
105.451
105.486
105.511
105.545
105.57
105.6
105.629
105.658
105.691
105.718
105.747
105.778
105.807
105.837
105.867
105.896
105.926
105.954
105.985
106.015
106.044
106.074
106.103
106.132
106.163
106.192
106.221
106.251
106.281
106.311
106.341
106.37
106.401
106.43
106.459
106.489
106.518
106.547
106.58
106.612
106.636
106.666
106.695
106.726
106.755
106.785
106.814
106.844
106.873
106.903
106.932
106.962
106.997
107.021
107.051
107.082
107.11
107.14
107.17
107.2
107.229
107.258
107.29
107.318
107.347
107.377
107.409
107.436
107.466
107.495
107.533
107.555
107.584
107.615
107.645
107.674
107.703
107.733
107.762
107.792
107.821
107.851
107.882
107.91
107.94
107.97
108.0
108.029
108.059
108.088
108.119
108.148
108.177
108.207
108.236
108.266
108.297
108.325
108.355
108.384
108.415
108.444
108.473
108.503
108.533
108.562
108.592
108.621
108.652
108.681
108.71
108.74
108.77
108.799
108.829
108.859
108.888
108.917
108.947
108.977
109.007
109.036
109.066
109.096
109.125
109.155
109.184
109.213
109.244
109.273
109.303
109.332
109.362
109.392
109.421
109.451
109.482
109.509
109.539
109.569
109.598
109.628
109.658
109.688
109.718
109.747
109.777
109.807
109.836
109.866
109.894
109.924
109.955
109.983
110.02
110.044
110.073
110.104
110.133
110.161
110.192
110.221
110.251
110.281
110.31
110.34
110.37
110.404
110.429
110.458
110.487
110.517
110.546
110.576
110.606
110.636
110.667
110.695
110.732
110.755
110.785
110.814
110.843
110.873
110.902
110.934
110.961
110.991
111.022
111.051
111.081
111.112
111.14
111.169
111.2
111.228
111.258
111.287
111.317
111.347
111.376
111.406
111.436
111.471
111.496
111.528
111.554
111.584
111.613
111.644
111.673
111.702
111.732
111.762
111.791
111.821
111.852
111.881
111.91
111.94
111.969
112.002
112.03
112.058
112.089
112.118
112.147
112.176
112.206
112.236
112.265
112.295
112.325
112.355
112.384
112.417
112.443
112.473
112.502
112.532
112.562
112.591
112.621
112.651
112.68
112.71
112.741
112.769
112.799
112.829
112.858
112.888
112.917
112.947
112.977
113.006
113.036
113.065
113.095
113.125
113.156
113.185
113.215
113.244
113.274
113.303
113.332
113.362
113.393
113.425
113.451
113.481
113.51
113.54
113.57
113.599
113.629
113.658
113.69
113.718
113.747
113.777
113.807
113.836
113.867
113.896
113.925
113.955
113.986
114.014
114.044
114.074
114.103
114.133
114.162
114.192
114.222
114.251
114.282
114.311
114.34
114.369
114.399
114.429
114.459
114.489
114.517
114.547
114.577
114.607
114.637
114.666
114.696
114.725
114.755
114.784
114.815
114.843
114.874
114.903
114.933
114.963
114.999
115.021
115.052
115.081
115.111
115.14
115.169
115.199
115.228
115.258
115.288
115.318
115.348
115.378
115.406
115.436
115.467
115.496
115.525
115.554
115.585
115.615
115.644
115.674
115.703
115.732
115.762
115.791
115.821
115.851
115.88
115.91
115.94
115.97
115.999
116.028
116.059
116.089
116.118
116.148
116.178
116.206
116.242
116.266
116.295
116.325
116.354
116.384
116.414
116.449
116.473
116.504
116.533
116.563
116.592
116.621
116.651
116.68
116.71
116.74
116.769
116.799
116.829
116.858
116.888
116.917
116.947
116.978
117.008
117.036
117.066
117.095
117.125
117.155
117.184
117.214
117.244
117.273
117.303
117.341
117.362
117.391
117.421
117.451
117.48
117.51
117.539
117.569
117.6
117.628
117.659
117.688
117.718
117.747
117.776
117.805
117.836
117.865
117.895
117.924
117.954
117.984
118.013
118.043
118.073
118.102
118.132
118.162
118.191
118.221
118.25
118.28
118.31
118.339
118.368
118.397
118.428
118.458
118.487
118.517
118.547
118.576
118.606
118.64
118.665
118.694
118.725
118.754
118.784
118.813
118.843
118.873
118.901
118.931
118.962
118.991
119.021
119.05
119.079
119.11
119.139
119.169
119.2
119.228
119.258
119.286
119.316
119.346
119.375
119.406
119.436
119.465
119.495
119.524
119.553
119.583
119.612
119.642
119.672
119.701
119.732
119.762
119.791
119.82
119.849
119.879
119.91
119.938
119.969
119.998
120.03
120.058
120.087
120.116
120.146
120.176
120.206
120.236
120.265
120.295
120.323
120.353
120.383
120.413
120.442
120.472
120.501
120.531
120.561
120.59
120.63
120.649
120.68
120.709
120.738
120.768
120.798
120.827
120.857
120.887
120.917
120.946
120.975
121.005
121.035
121.064
121.094
121.124
121.153
121.183
121.219
121.242
121.272
121.301
121.331
121.361
121.393
121.42
121.449
121.48
121.514
121.538
121.569
121.598
121.627
121.657
121.687
121.716
121.746
121.775
121.805
121.835
121.871
121.894
121.925
121.953
121.983
122.013
122.042
122.072
122.101
122.131
122.161
122.19
122.22
122.25
122.279
122.309
122.338
122.368
122.398
122.427
122.457
122.487
122.516
122.546
122.576
122.605
122.635
122.664
122.694
122.724
122.754
122.782
122.812
122.841
122.872
122.901
122.931
122.961
122.99
123.02
123.05
123.078
123.109
123.137
123.168
123.198
123.226
123.256
123.291
123.316
123.346
123.376
123.405
123.434
123.468
123.494
123.524
123.553
123.583
123.614
123.641
123.672
123.7
123.73
123.761
123.792
123.824
123.85
123.879
123.909
123.938
123.967
123.997
124.026
124.056
124.086
124.115
124.145
124.176
124.205
124.234
124.263
124.294
124.323
124.353
124.384
124.416
124.441
124.471
124.501
124.531
124.56
124.59
124.619
124.65
124.678
124.709
124.737
124.767
124.797
124.826
124.856
124.886
124.915
124.945
124.975
125.005
125.036
125.068
125.094
125.124
125.152
125.182
125.212
125.241
125.271
125.3
125.33
125.36
125.389
125.42
125.449
125.478
125.508
125.538
125.567
125.597
125.626
125.656
125.686
125.715
125.745
125.775
125.804
125.834
125.864
125.893
125.923
125.952
125.982
126.012
126.041
126.071
126.1
126.13
126.16
126.189
126.219
126.249
126.278
126.31
126.337
126.367
126.397
126.426
126.456
126.486
126.515
126.551
126.574
126.604
126.634
126.663
126.693
126.723
126.752
126.782
126.812
126.841
126.871
126.902
126.93
126.96
126.989
127.019
127.049
127.078
127.108
127.138
127.167
127.197
127.228
127.26
127.286
127.315
127.345
127.375
127.404
127.434
127.464
127.493
127.522
127.552
127.581
127.611
127.641
127.671
127.701
127.73
127.76
127.79
127.819
127.849
127.879
127.909
127.938
127.967
127.997
128.027
128.055
128.086
128.116
128.145
128.174
128.204
128.234
128.263
128.292
128.323
128.352
128.383
128.411
128.44
128.471
128.501
128.53
128.559
128.592
128.619
128.649
128.679
128.707
128.737
128.766
128.796
128.826
128.855
128.885
128.915
128.945
128.975
129.003
129.034
129.062
129.092
129.124
129.151
129.181
129.217
129.24
129.273
129.299
129.329
129.359
129.389
129.421
129.449
129.477
129.507
129.536
129.566
129.596
129.625
129.655
129.684
129.718
129.744
129.773
129.803
129.833
129.863
129.894
129.921
129.951
129.981
130.01
130.04
130.07
130.099
130.129
130.159
130.189
130.218
130.248
130.277
130.307
130.336
130.366
130.396
130.426
130.455
130.485
130.514
130.544
130.574
130.604
130.633
130.662
130.692
130.722
130.752
130.781
130.811
130.839
130.87
130.9
130.929
130.959
130.988
131.019
131.048
131.077
131.107
131.137
131.166
131.196
131.226
131.255
131.287
131.315
131.345
131.374
131.403
131.433
131.463
131.492
131.522
131.552
131.581
131.611
131.641
131.67
131.699
131.729
131.76
131.789
131.832
131.848
131.878
131.907
131.936
131.966
131.995
132.025
132.054
132.085
132.115
132.144
132.174
132.204
132.233
132.262
132.292
132.321
132.353
132.381
132.411
132.44
132.47
132.5
132.532
132.558
132.589
132.618
132.648
132.68
132.712
132.737
132.767
132.796
132.826
132.856
132.885
132.915
132.944
132.973
133.003
133.032
133.062
133.092
133.122
133.151
133.181
133.21
133.241
133.27
133.306
133.329
133.358
133.389
133.419
133.448
133.477
133.507
133.537
133.571
133.596
133.625
133.655
133.684
133.714
133.743
133.773
133.803
133.832
133.862
133.893
133.922
133.952
133.982
134.011
134.041
134.069
134.099
134.132
134.158
134.188
134.218
134.247
134.277
134.307
134.336
134.366
134.395
134.426
134.455
134.484
134.514
134.543
134.573
134.603
134.633
134.662
134.692
134.721
134.751
134.784
134.81
134.84
134.869
134.901
134.929
134.958
134.988
135.022
135.047
135.077
135.106
135.137
135.166
135.196
135.226
135.254
135.284
135.314
135.344
135.373
135.403
135.432
135.462
135.493
135.521
135.551
135.58
135.618
135.64
135.669
135.699
135.738
135.758
135.788
135.818
135.847
135.877
135.906
135.936
135.965
135.995
136.025
136.054
136.084
136.116
136.143
136.173
136.202
136.234
136.263
136.291
136.321
136.35
136.38
136.41
136.438
136.468
136.499
136.528
136.558
136.592
136.617
136.647
136.676
136.707
136.734
136.764
136.795
136.823
136.853
136.883
136.913
136.943
136.973
137.003
137.031
137.06
137.091
137.12
137.152
137.181
137.211
137.239
137.269
137.297
137.327
137.356
137.387
137.417
137.446
137.476
137.504
137.535
137.564
137.593
137.623
137.652
137.682
137.713
137.742
137.772
137.802
137.831
137.865
137.889
137.919
137.948
137.978
138.012
138.037
138.067
138.096
138.127
138.157
138.185
138.215
138.244
138.275
138.305
138.334
138.364
138.4
138.422
138.452
138.483
138.511
138.541
138.571
138.6
138.629
138.659
138.689
138.718
138.748
138.777
138.808
138.837
138.867
138.896
138.925
138.955
138.985
139.014
139.044
139.074
139.104
139.133
139.162
139.192
139.224
139.251
139.281
139.31
139.34
139.37
139.399
139.429
139.459
139.491
139.518
139.547
139.577
139.607
139.636
139.667
139.695
139.725
139.755
139.785
139.814
139.844
139.873
139.903
139.933
139.963
139.992
140.02
140.052
140.081
140.11
140.14
140.17
140.199
140.231
140.259
140.288
140.318
140.351
140.377
140.407
140.435
140.466
140.496
140.525
140.555
140.585
140.614
140.648
140.676
140.704
140.732
140.762
140.792
140.821
140.853
140.881
140.91
140.94
140.97
141.0
141.029
141.058
141.088
141.12
141.147
141.177
141.206
141.238
141.266
141.295
141.329
141.357
141.383
141.414
141.442
141.472
141.502
141.532
141.562
141.591
141.621
141.656
141.68
141.71
141.741
141.769
141.798
141.827
141.858
141.888
141.917
141.947
141.98
142.006
142.036
142.065
142.094
142.125
142.153
142.183
142.213
142.242
142.272
142.301
142.332
142.361
142.39
142.42
142.45
142.487
142.51
142.545
142.569
142.599
142.627
142.657
142.687
142.719
142.746
142.775
142.805
142.835
142.865
142.894
142.925
142.954
142.983
143.012
143.044
143.072
143.101
143.131
143.162
143.192
143.222
143.249
143.28
143.31
143.338
143.369
143.398
143.43
143.457
143.486
143.516
143.546
143.575
143.608
143.635
143.665
143.695
143.723
143.754
143.783
143.812
143.842
143.871
143.903
143.933
143.96
143.99
144.02
144.049
144.079
144.108
144.142
144.172
144.197
144.227
144.257
144.286
144.32
144.345
144.375
144.405
144.434
144.465
144.494
144.523
144.553
144.582
144.612
144.642
144.671
144.701
144.731
144.761
144.793
144.819
144.853
144.879
144.908
144.938
144.971
144.997
145.027
145.057
145.086
145.117
145.145
145.176
145.205
145.234
145.264
145.294
145.323
145.352
145.381
145.411
145.442
145.471
145.501
145.531
145.56
145.59
145.62
145.649
145.678
145.707
145.737
145.768
145.797
145.827
145.857
145.886
145.916
145.945
145.975
146.005
146.035
146.068
146.1
146.123
146.153
146.184
146.212
146.242
146.272
146.302
146.331
146.36
146.389
146.419
146.45
146.479
146.508
146.537
146.567
146.598
146.627
146.656
146.686
146.716
146.746
146.775
146.806
146.835
146.863
146.893
146.923
146.952
146.983
147.013
147.042
147.071
147.101
147.13
147.161
147.191
147.219
147.249
147.279
147.313
147.338
147.368
147.397
147.427
147.456
147.486
147.519
147.546
147.575
147.604
147.634
147.664
147.693
147.723
147.755
147.782
147.812
147.842
147.871
147.901
147.931
147.961
147.99
148.019
148.049
148.079
148.108
148.138
148.17
148.198
148.227
148.257
148.286
148.316
148.35
148.375
148.405
148.434
148.464
148.494
148.524
148.553
148.582
148.612
148.643
148.671
148.701
148.732
148.767
148.791
148.82
148.849
148.879
148.908
148.938
148.968
148.997
149.027
149.057
149.086
149.116
149.145
149.175
149.205
149.237
149.264
149.294
149.323
149.353
149.383
149.412
149.442
149.471
149.5
149.531
149.56
149.59
149.62
149.649
149.679
149.708
149.739
149.768
149.796
149.826
149.857
149.886
149.916
149.946
149.98
150.005
150.034
150.065
150.094
150.123
150.153
150.183
150.212
150.242
150.272
150.3
150.331
150.36
150.389
150.42
150.449
150.479
150.509
150.538
150.568
150.598
150.628
150.657
150.685
150.72
150.746
150.774
150.804
150.835
150.864
150.894
150.923
150.952
150.982
151.013
151.041
151.071
151.1
151.131
151.16
151.189
151.22
151.249
151.278
151.309
151.337
151.367
151.397
151.427
151.456
151.485
151.516
151.545
151.574
151.605
151.635
151.664
151.693
151.73
151.752
151.782
151.812
151.841
151.871
151.9
151.93
151.96
151.999
152.019
152.049
152.078
152.109
152.138
152.168
152.197
152.228
152.256
152.286
152.316
152.351
152.376
152.404
152.434
152.465
152.493
152.523
152.553
152.582
152.612
152.641
152.672
152.701
152.731
152.76
152.794
152.819
152.849
152.879
152.908
152.944
152.968
152.997
153.028
153.057
153.086
153.117
153.147
153.175
153.205
153.234
153.264
153.295
153.322
153.352
153.383
153.413
153.442
153.472
153.501
153.532
153.561
153.59
153.62
153.65
153.679
153.709
153.738
153.768
153.798
153.827
153.857
153.887
153.916
153.946
153.976
154.005
154.035
154.065
154.094
154.124
154.154
154.184
154.213
154.243
154.272
154.302
154.331
154.36
154.4
154.42
154.45
154.48
154.509
154.539
154.569
154.598
154.628
154.657
154.687
154.717
154.746
154.775
154.806
154.835
154.865
154.895
154.924
154.954
154.99
155.013
155.043
155.072
155.102
155.131
155.16
155.191
155.22
155.249
155.279
155.31
155.339
155.37
155.398
155.427
155.458
155.487
155.52
155.549
155.576
155.606
155.635
155.667
155.694
155.724
155.753
155.784
155.814
155.843
155.873
155.901
155.932
155.963
155.99
156.02
156.051
156.079
156.109
156.138
156.168
156.199
156.227
156.257
156.287
156.316
156.35
156.376
156.405
156.435
156.464
156.494
156.524
156.554
156.583
156.614
156.642
156.673
156.702
156.732
156.762
156.791
156.82
156.85
156.88
156.909
156.939
156.969
156.998
157.028
157.057
157.087
157.117
157.147
157.178
157.206
157.235
157.265
157.295
157.324
157.354
157.383
157.413
157.444
157.473
157.503
157.532
157.561
157.591
157.621
157.65
157.68
157.71
157.739
157.77
157.798
157.828
157.858
157.887
157.917
157.947
157.976
158.006
158.036
158.064
158.094
158.124
158.154
158.188
158.213
158.244
158.273
158.302
158.332
158.362
158.394
158.421
158.451
158.48
158.51
158.539
158.569
158.599
158.628
158.658
158.688
158.717
158.747
158.776
158.807
158.837
158.865
158.895
158.925
158.953
158.983
159.014
159.043
159.073
159.102
159.132
159.162
159.191
159.221
159.251
159.279
159.31
159.339
159.369
159.399
159.428
159.458
159.49
159.516
159.546
159.576
159.605
159.636
159.665
159.695
159.725
159.754
159.784
159.822
159.842
159.872
159.903
159.932
159.961
159.99
160.02
160.051
160.08
160.11
160.14
160.17
160.204
160.229
160.258
160.288
160.317
160.346
160.376
160.405
160.436
160.465
160.495
160.524
160.553
160.583
160.614
160.643
160.68
160.703
160.732
160.761
160.795
160.823
160.85
160.879
160.909
160.94
160.968
160.999
161.028
161.057
161.088
161.117
161.146
161.176
161.205
161.235
161.265
161.294
161.326
161.354
161.383
161.413
161.443
161.473
161.502
161.532
161.561
161.591
161.624
161.65
161.68
161.709
161.739
161.769
161.798
161.829
161.857
161.887
161.917
161.946
161.976
162.006
162.035
162.065
162.095
162.124
162.155
162.184
162.213
162.243
162.273
162.308
162.332
162.361
162.391
162.42
162.45
162.48
162.508
162.539
162.569
162.602
162.628
162.658
162.687
162.717
162.746
162.776
162.807
162.835
162.865
162.895
162.924
162.954
162.984
163.013
163.043
163.073
163.103
163.131
163.161
163.191
163.221
163.251
163.28
163.312
163.339
163.37
163.399
163.427
163.462
163.491
163.517
163.547
163.575
163.606
163.636
163.665
163.695
163.725
163.754
163.785
163.814
163.842
163.873
163.903
163.932
163.962
163.992
164.02
164.051
164.08
164.11
164.14
164.169
164.199
164.228
164.258
164.287
164.317
164.346
164.376
164.406
164.435
164.466
164.496
164.525
164.555
164.583
164.613
164.644
164.672
164.703
164.733
164.764
164.791
164.821
164.851
164.88
164.91
164.939
164.969
165.0
165.029
165.062
165.088
165.117
165.147
165.176
165.206
165.244
165.265
165.295
165.325
165.354
165.385
165.414
165.444
165.474
165.503
165.535
165.563
165.591
165.621
165.651
165.68
165.71
165.74
165.77
165.799
165.83
165.858
165.888
165.917
165.947
165.977
166.008
166.037
166.066
166.095
166.125
166.156
166.184
166.214
166.243
166.277
166.303
166.333
166.363
166.392
166.423
166.451
166.481
166.51
166.54
166.569
166.599
166.629
166.662
166.688
166.718
166.747
166.778
166.814
166.836
166.866
166.895
166.926
166.957
166.984
167.018
167.047
167.074
167.103
167.132
167.162
167.192
167.221
167.251
167.281
167.31
167.34
167.37
167.399
167.431
167.458
167.488
167.519
167.546
167.576
167.607
167.635
167.666
167.696
167.725
167.755
167.784
167.814
167.843
167.872
167.903
167.932
167.961
167.992
168.021
168.051
168.081
168.11
168.14
168.17
168.198
168.228
168.258
168.287
168.317
168.347
168.378
168.407
168.436
168.466
168.496
168.525
168.555
168.584
168.613
168.643
168.674
168.703
168.733
168.762
168.791
168.822
168.85
168.881
168.911
168.943
168.97
168.999
169.028
169.058
169.088
169.117
169.147
169.176
169.206
169.236
169.266
169.295
169.327
169.354
169.385
169.414
169.443
169.473
169.502
169.532
169.562
169.592
169.621
169.651
169.68
169.711
169.741
169.769
169.8
169.83
169.858
169.889
169.918
169.947
169.977
170.008
170.036
170.066
170.095
170.125
170.155
170.185
170.214
170.244
170.273
170.303
170.333
170.362
170.392
170.423
170.451
170.481
170.511
170.54
170.577
170.599
170.63
170.659
170.688
170.719
170.748
170.777
170.808
170.838
170.866
170.896
170.926
170.955
170.985
171.015
171.044
171.074
171.104
171.134
171.163
171.194
171.222
171.252
171.282
171.311
171.341
171.37
171.4
171.43
171.459
171.489
171.519
171.548
171.578
171.607
171.637
171.668
171.695
171.725
171.756
171.785
171.816
171.845
171.874
171.904
171.934
171.964
171.992
172.022
172.052
172.082
172.112
172.141
172.171
172.2
172.23
172.26
172.291
172.319
172.351
172.378
172.408
172.437
172.467
172.496
172.526
172.557
172.587
172.616
172.645
172.676
172.704
172.734
172.762
172.793
172.823
172.852
172.882
172.911
172.941
172.971
173.004
173.029
173.06
173.089
173.119
173.149
173.178
173.208
173.238
173.267
173.297
173.327
173.355
173.385
173.414
173.444
173.474
173.504
173.534
173.564
173.593
173.623
173.652
173.681
173.711
173.74
173.77
173.801
173.83
173.86
173.892
173.918
173.948
173.978
174.007
174.037
174.069
174.096
174.127
174.155
174.186
174.216
174.245
174.274
174.304
174.334
174.363
174.392
174.422
174.452
174.482
174.512
174.542
174.571
174.6
174.63
174.659
174.689
174.72
174.75
174.778
174.807
174.837
174.866
174.896
174.926
174.958
174.985
175.014
175.044
175.074
175.103
175.133
175.163
175.192
175.222
175.251
175.281
175.311
175.34
175.37
175.4
175.432
175.459
175.488
175.518
175.549
175.578
175.607
175.636
175.666
175.696
175.725
175.755
175.784
175.814
175.844
175.874
175.903
175.933
175.962
175.992
176.021
176.052
176.082
176.111
176.14
176.169
176.199
176.23
176.258
176.288
176.318
176.348
176.376
176.406
176.436
176.465
176.495
176.525
176.555
176.584
176.614
176.643
176.673
176.702
176.732
176.761
176.792
176.82
176.851
176.88
176.91
176.94
176.969
176.999
177.029
177.057
177.088
177.117
177.146
177.177
177.205
177.235
177.266
177.295
177.325
177.354
177.384
177.414
177.444
177.473
177.502
177.533
177.561
177.591
177.621
177.65
177.68
177.709
177.74
177.779
177.799
177.829
177.859
177.888
177.918
177.948
177.977
178.007
178.036
178.065
178.095
178.125
178.154
178.184
178.213
178.243
178.274
178.303
178.333
178.363
178.392
178.422
178.452
178.481
178.51
178.541
178.569
178.599
178.628
178.658
178.688
178.717
178.748
178.777
178.808
178.836
178.865
178.896
178.925
178.954
178.984
179.014
179.044
179.073
179.103
179.132
179.162
179.192
179.222
179.252
179.28
179.31
179.34
179.369
179.399
179.429
179.458
179.488
179.517
179.547
179.578
179.606
179.636
179.666
179.695
179.725
179.755
179.784
179.814
179.852
179.873
179.903
179.933
179.962
179.993
180.021
180.051
180.081
180.11
180.14
180.171
180.199
180.229
180.259
180.288
180.318
180.349
180.377
180.407
180.437
180.466
180.496
180.526
180.555
180.585
180.615
180.644
180.674
180.704
180.733
180.763
180.793
180.822
180.852
180.881
180.911
180.941
180.971
181.0
181.03
181.059
181.089
181.119
181.148
181.178
181.207
181.236
181.267
181.297
181.326
181.356
181.385
181.415
181.445
181.474
181.503
181.534
181.563
181.592
181.621
181.651
181.682
181.711
181.743
181.77
181.799
181.831
181.86
181.889
181.919
181.947
181.979
182.007
182.036
182.066
182.096
182.126
182.156
182.186
182.215
182.245
182.274
182.303
182.335
182.362
182.392
182.422
182.451
182.481
182.511
182.541
182.57
182.608
182.63
182.66
182.689
182.718
182.749
182.777
182.807
182.837
182.867
182.897
182.926
182.955
182.986
183.014
183.045
183.077
183.103
183.133
183.166
183.193
183.223
183.251
183.281
183.312
183.34
183.37
183.4
183.429
183.459
183.49
183.518
183.548
183.577
183.607
183.637
183.666
183.696
183.726
183.757
183.785
183.815
183.844
183.874
183.903
183.933
183.963
183.992
184.022
184.052
184.081
184.111
184.141
184.17
184.2
184.231
184.265
184.289
184.318
184.349
184.378
184.408
184.438
184.467
184.498
184.527
184.555
184.585
184.615
184.644
184.674
184.704
184.733
184.763
184.792
184.822
184.852
184.881
184.911
184.941
184.97
185.0
185.029
185.059
185.089
185.118
185.148
185.178
185.207
185.237
185.267
185.296
185.326
185.357
185.385
185.415
185.444
185.474
185.504
185.534
185.565
185.593
185.622
185.652
185.682
185.711
185.741
185.771
185.799
185.83
185.859
185.89
185.919
185.947
185.978
186.008
186.037
186.067
186.097
186.125
186.156
186.184
186.215
186.244
186.273
186.304
186.334
186.363
186.393
186.423
186.452
186.482
186.51
186.54
186.57
186.6
186.631
186.66
186.689
186.719
186.749
186.778
186.808
186.837
186.867
186.897
186.926
186.956
186.985
187.014
187.045
187.074
187.104
187.134
187.174
187.192
187.221
187.251
187.281
187.31
187.34
187.371
187.4
187.43
187.46
187.489
187.518
187.549
187.577
187.607
187.636
187.666
187.7
187.725
187.756
187.786
187.82
187.844
187.874
187.903
187.933
187.963
187.992
188.023
188.051
188.082
188.112
188.141
188.171
188.2
188.229
188.259
188.29
188.319
188.35
188.379
188.409
188.438
188.466
188.496
188.526
188.555
188.585
188.616
188.644
188.675
188.704
188.734
188.764
188.792
188.823
188.852
188.881
188.912
188.944
188.97
189.0
189.032
189.06
189.089
189.119
189.149
189.178
189.208
189.237
189.267
189.296
189.326
189.356
189.385
189.416
189.445
189.474
189.504
189.534
189.563
189.593
189.622
189.652
189.682
189.711
189.741
189.77
189.8
189.83
189.86
189.889
189.919
189.948
189.978
190.008
190.037
190.067
190.096
190.125
190.156
190.185
190.215
190.246
190.274
190.304
190.334
190.363
190.393
190.422
190.453
190.482
190.511
190.541
190.571
190.6
190.63
190.66
190.69
190.719
190.747
190.778
190.812
190.837
190.867
190.897
190.929
190.956
190.985
191.014
191.045
191.075
191.104
191.134
191.164
191.193
191.222
191.252
191.295
191.323
191.342
191.371
191.401
191.431
191.459
191.49
191.519
191.549
191.579
191.613
191.637
191.668
191.696
191.726
191.756
191.786
191.817
191.846
191.875
191.905
191.934
191.963
191.994
192.023
192.052
192.082
192.111
192.142
192.171
192.2
192.23
192.26
192.289
192.32
192.349
192.378
192.408
192.439
192.467
192.497
192.527
192.556
192.586
192.616
192.646
192.675
192.704
192.734
192.764
192.793
192.823
192.853
192.882
192.913
192.943
192.971
193.001
193.032
193.06
193.09
193.12
193.149
193.179
193.209
193.239
193.268
193.305
193.328
193.357
193.386
193.417
193.446
193.475
193.505
193.535
193.564
193.594
193.623
193.653
193.683
193.712
193.742
193.772
193.801
193.831
193.863
193.889
193.919
193.95
193.979
194.009
194.039
194.068
194.098
194.128
194.158
194.186
194.215
194.245
194.276
194.305
194.335
194.365
194.395
194.432
194.456
194.483
194.512
194.541
194.571
194.601
194.631
194.661
194.691
194.721
194.75
194.78
194.809
194.839
194.868
194.898
194.928
194.958
194.987
195.017
195.046
195.077
195.107
195.134
195.165
195.195
195.224
195.254
195.282
195.313
195.343
195.373
195.402
195.432
195.461
195.491
195.521
195.549
195.58
195.61
195.64
195.669
195.699
195.727
195.757
195.787
195.816
195.848
195.876
195.906
195.935
195.964
195.994
196.024
196.059
196.083
196.115
196.145
196.173
196.202
196.235
196.261
196.29
196.32
196.35
196.38
196.41
196.44
196.472
196.498
196.527
196.557
196.587
196.616
196.646
196.677
196.705
196.735
196.765
196.794
196.824
196.853
196.883
196.913
